# Probe 0 (605.29 4801.18 50)
# Probe 1 (800.16 4503.7 50)
# Probe 2 (897.8 4127.91 50)
# Probe 3 (729.96 4205.34 50)
# Probe 4 (718.8 3820.61 50)
# Probe 5 (512.67 4464.77 50)
# Probe 6 (519.65 4486.37 50)
# Probe 7 (1064.67 4397.45 50)
# Probe 8 (582.65 4268.11 50)
# Probe 9 (501.34 3840.54 50)
# Probe 10 (660.39 4022.16 50)
# Probe 11 (658.6 4022.78 50)
# Probe 12 (510.69 4273.08 50)
# Probe 13 (730 3650 50)
# Probe 14 (1450 3650 50)
# Time            0                 1                 2                 3                 4                 5                 6                 7                 8                 9                 10                11                12                13                14               
0                 86.20528757       84.63274386       82.1587286        83.03104028       80.35459214       85.13009558       85.23183163       83.37468277       83.7829216        80.72365339       82.0453239        82.06021872       84.01895549       77.92879828       77.03304017      
2678400           86.15781396       84.5852528        82.11124285       82.98355478       80.30711525       85.08260395       85.18434561       83.32718917       83.73544708       80.6761544        81.99782685       82.01272436       83.97147531       77.88132358       76.98553362      
5356800           86.13783601       84.56527804       82.09127108       82.96358225       80.28714762       85.06262917       85.16437063       83.30721532       83.71547419       80.65618855       81.97785623       81.99275372       83.95150223       77.86136234       76.96557025      
8035200           86.14004648       84.56749162       82.09348869       82.9657988        80.28937067       85.0648426        85.16658381       83.3094301        83.71768997       80.65841335       81.98007518       81.99497265       83.95371784       77.86359257       76.96779745      
10713600          86.16443088       84.59187836       82.11787917       82.99018832       80.31376627       85.08922927       85.19097028       83.33381802       83.74207875       80.68281007       82.00446702       82.01936447       83.97810648       77.88799376       76.99219559      
13392000          86.21097477       84.63842312       82.16442602       83.03673471       80.3603161        85.13577411       85.23751501       83.38036351       83.78862472       80.72935981       82.05101484       82.06591228       84.0246524        77.93454518       77.03874509      
16070400          86.27966371       84.70711077       82.23311264       83.10542178       80.42900166       85.20446201       85.30620297       83.44905103       83.85731201       80.79804358       82.1197016        82.13459904       84.09333978       78.00322605       77.10742638      
18748800          86.37048332       84.79792614       82.32392237       83.19623325       80.51980438       85.29527783       85.3970191        83.53986494       83.94812468       80.88884235       82.2105101        82.22540757       84.18415276       78.09401555       77.19821987      
21427200          86.48341917       84.91085406       82.43683849       83.30915281       80.63270557       85.4082064        85.50994829       83.65278961       84.06104673       81.00173707       82.32342308       82.33832062       84.29707538       78.20689287       77.31110596      
24105600          86.61845684       85.04587929       82.57184421       83.44416404       80.76768652       85.54323252       85.64497543       83.78780935       84.19606209       81.13670865       82.45842317       82.47332082       84.43209163       78.34183723       77.44606505      
26784000          86.77535989       85.2027646        82.72869706       83.60102846       80.92450648       85.70011894       85.80186333       83.94468617       84.35293261       81.29351603       82.61527097       82.63016877       84.58896345       78.4986059        77.60277435      
29462400          86.92712868       85.35450963       82.88019378       83.75273721       81.07615734       85.8518655        85.9536119        84.09637957       84.50465722       81.44515639       82.76696054       82.78185873       84.74068998       78.65019489       77.75087997      
32140800          87.05509421       85.48243924       83.00702072       83.88054091       81.2038979        85.97980343       86.08155239       84.22395472       84.63256035       81.57296136       82.89477015       82.90967045       84.86860075       78.77792695       77.86580255      
34819200          87.15927144       85.58653316       83.10873427       83.98427483       81.30753717       86.08394526       86.18569774       84.32703717       84.73662237       81.67693436       82.99857208       83.01347898       84.97269686       78.88172716       77.94935438      
37497600          87.23967417       85.66673578       83.18529283       84.06377994       81.38683064       86.16429441       86.26605258       84.4054262        84.8167917        81.75705152       83.078214         83.09313388       85.05295728       78.96137813       78.00476741      
40176000          87.29631325       85.72298345       83.23687427       84.11897012       81.44159598       86.2208432        86.32261102       84.4591289        84.87300918       81.81326664       83.13358638       83.14852606       85.10934685       79.01661753       78.03467711      
42854400          87.32919562       85.75523032       83.26374705       84.14983317       81.47176164       86.25357751       86.35536054       84.48827331       84.90522979       81.84552794       83.16464331       83.179609         85.14183107       79.04726088       78.04113928      
45532800          87.33832508       85.76345793       83.26622207       84.15641491       81.47736155       86.26248339       86.3642883        84.49304906       84.91343187       81.85379395       83.17139947       83.18639605       85.15038629       79.05324632       78.02577449      
48211200          87.323704         85.74767503       83.24459777       84.13880158       81.45851066       86.2475521        86.34938598       84.47366088       84.89761882       81.83804299       83.15391868       83.16894939       85.1350045        79.03462591       77.98986812      
50889600          87.28533515       85.70791283       83.19926065       84.09710959       81.41537916       86.2087829        86.31065267       84.43034359       84.8578163        81.79827679       83.11230157       83.12736784       85.09569422       78.99153805       77.9345711       
53568000          87.22977018       85.6507698        83.13714602       84.03803962       81.35473388       86.15273118       86.25464304       84.36991875       84.80061836       81.74106749       83.05323439       83.06833555       85.03902713       78.93072832       77.86734449      
56246400          87.17338627       85.59268609       83.07491942       83.97813023       81.29318964       86.09578441       86.19774337       84.30900157       84.74246136       81.68283073       82.99324902       83.00838246       84.98141325       78.86880313       77.80482315      
58924800          87.11696262       85.53451215       83.01354665       83.91831024       81.231756         86.03873804       86.14074756       84.2485497        84.68419324       81.62439852       82.93327739       82.94843897       84.92367426       78.8067864        77.74702647      
61603200          87.06049851       85.47631803       82.95310681       83.85870228       81.17063141       85.98161214       86.08367389       84.18867133       84.62588367       81.56583269       82.87345366       82.88863828       84.86585689       78.74491468       77.69306837      
64281600          87.00399695       85.41816921       82.89361623       83.79939869       81.10996761       85.92443252       86.0265464        84.12941706       84.56759991       81.50720124       82.81388641       82.82908853       84.80801112       78.68339122       77.64225096      
66960000          86.9474642        85.36012167       82.83506067       83.74046442       81.04986774       85.86722779       85.96939208       84.0708028        84.5094017        81.44857128       82.75465671       82.76987076       84.75018529       78.62236818       77.59401469      
69638400          86.89090885       85.30222063       82.77739628       83.68194244       80.99039427       85.81002677       85.91223842       84.01282165       84.45133922       81.39000406       82.69582142       82.71104203       84.69242316       78.5619468        77.54770516      
72316800          86.83434106       85.24450082       82.72054384       83.62385459       80.93157487       85.75285679       85.85511165       83.95543873       84.39345259       81.33155244       82.63741479       82.652637         84.63476249       78.50218601       77.50203901      
74995200          86.77777172       85.18698645       82.66443139       83.56620445       80.87340746       85.69574244       85.79803558       83.89860787       84.3357714        81.27325949       82.57945052       82.59466995       84.57723404       78.44310877       77.45598858      
77673600          86.72121187       85.1296924        82.60899506       83.50898619       80.81586662       85.6387048        85.74103078       83.84229018       84.27831562       81.21515818       82.5219287        82.53714152       84.51986137       78.38469905       77.40942112      
80352000          86.66467218       85.07262696       82.55408954       83.45218364       80.75890378       85.5817612        85.6841143        83.78643237       84.22109766       81.15727176       82.46483664       82.48003969       84.46266167       78.32690241       77.36202001      
83030400          86.60816264       85.01579115       82.49949989       83.39575259       80.70243747       85.52492533       85.62729975       83.73092658       84.16412102       81.09961341       82.40813642       82.42332764       84.40564575       78.26964072       77.31365403      
85708800          86.55169231       84.95917454       82.44507847       83.33962753       80.64636352       85.46820665       85.57059677       83.67565952       84.10737647       81.04218412       82.35176712       82.36694557       84.34881584       78.2128225        77.26440426      
88387200          86.49526904       84.90275698       82.39074215       83.2837452        80.59058419       85.41160943       85.51401015       83.62054972       84.05084454       80.98497325       82.29566513       82.31083066       84.29216529       78.15635409       77.21438832      
91065600          86.43889904       84.84651462       82.33644348       83.22805345       80.53502035       85.35513302       85.45753994       83.56554411       83.99450145       80.92796296       82.23977519       82.25492812       84.23568156       78.10015167       77.16371522      
93744000          86.38258674       84.79042417       82.28215427       83.17251137       80.47961171       85.2987732        85.40118266       83.51060836       83.93832335       80.87113275       82.18405248       82.19919339       84.1793495        78.04414681       77.11247773      
96422400          86.32633495       84.73446476       82.22785724       83.11708726       80.4243135        85.24252359       85.34493266       83.45571989       83.88228826       80.81446229       82.12846159       82.14359119       84.1231535        77.98828686       77.06075336      
99100800          86.27014522       84.6786185        82.17354167       83.06175655       80.36909296       85.18637686       85.28878322       83.40086357       83.82637677       80.75793303       82.07297483       82.08809389       84.06707874       77.93253288       77.00860695      
101779200         86.21401806       84.62287036       82.11920102       83.00650013       80.3139264        85.13032541       85.23272728       83.34602913       83.77057219       80.7015287        82.01757067       82.03267996       84.01111173       77.87685701       76.95609323      
104457600         86.15795333       84.56720783       82.06483152       82.95130314       80.25879696       85.07436188       85.17675794       83.29120952       83.71486031       80.64523553       81.96223242       81.97733268       83.95524046       77.82123999       76.90325884      
107136000         86.10195041       84.51162055       82.01043132       82.896154         80.20369293       85.01847938       85.1208687        83.23639998       83.6592292        80.58904206       81.90694724       81.92203919       83.89945448       77.76566908       76.85014403      
109814400         86.04600836       84.4561           81.95599994       82.84104374       80.14860642       84.96267162       85.06505356       83.18159731       83.60366886       80.532939         81.85170529       81.86678961       83.84374477       77.71013641       76.7967839       
112492800         85.99012604       84.40063915       81.90153793       82.78596544       80.09353245       84.90693295       85.00930715       83.12679948       83.54817099       80.47691886       81.7964992        81.81157651       83.78810364       77.65463771       76.74320933      
115171200         85.93430223       84.3452322        81.84704655       82.73091385       80.03846824       84.85125837       84.95362467       83.0720053        83.49272875       80.42097576       81.74132349       81.75639437       83.73252458       77.59917134       76.68944772      
117849600         85.87853561       84.28987441       81.79252764       82.67588508       79.98341265       84.7956435        84.8980019        83.01721422       83.43733655       80.36510517       81.68617425       81.70123924       83.67700214       77.54373754       76.6355236       
120528000         85.82282487       84.23456188       81.73798346       82.62087629       79.92836579       84.74008452       84.84243516       82.96242618       83.38198984       80.30930368       81.6310488        81.64610838       83.62153177       77.48833792       76.58145905      
123206400         85.7671687        84.17929143       81.6834166        82.56588556       79.8733287        84.68457815       84.78692124       82.90764148       83.32668501       80.25356882       81.57594547       81.59100009       83.56610976       77.432975         76.52727406      
125884800         85.71156582       84.12406049       81.62882986       82.51091169       79.8183031        84.62912156       84.73145741       82.85286071       83.27141918       80.1978989        81.52086341       81.53591348       83.51073307       77.37765197       76.47298679      
128563200         85.65601499       84.06886696       81.57422621       82.45595406       79.76329124       84.57371237       84.67604131       82.79808468       83.21619015       80.14229285       81.46580239       81.48084827       83.45539929       77.32237241       76.41861383      
131241600         85.60051503       84.0137092        81.51960876       82.40101256       79.70829573       84.51834856       84.62067096       82.74331436       83.16099627       80.08675013       81.41076273       81.42580475       83.40010651       77.26714018       76.36417037      
133920000         85.54506482       83.95858588       81.46498067       82.34608745       79.65331941       84.46302844       84.56534469       82.68855086       83.10583635       80.03127065       81.35574515       81.3707836        83.3448533        77.21195922       76.30967039      
136598400         85.48966329       83.90349601       81.41034515       82.29117932       79.59836532       84.40775064       84.5100611        82.63379541       83.05070962       79.97585463       81.30075069       81.31578585       83.28963861       77.15683355       76.25512673      
139276800         85.43430943       83.84843885       81.35570542       82.23628904       79.54343661       84.35251402       84.45481907       82.57904927       82.99561563       79.92050258       81.24578069       81.26081278       83.23446169       77.10176715       76.20055125      
141955200         85.37900233       83.79341385       81.30106469       82.18141765       79.48853644       84.29731771       84.39961767       82.52431381       82.94055423       79.86521523       81.19083663       81.20586589       83.17932213       77.04676392       76.14595491      
144633600         85.32374111       83.73842068       81.24642613       82.12656639       79.43366803       84.24216101       84.34445618       82.46959041       82.88552547       79.80999348       81.13592021       81.1509468        83.12421971       76.99182767       76.09134786      
147312000         85.26852497       83.68345915       81.19179289       82.07173661       79.37883456       84.1870434        84.28933406       82.4148805        82.83052965       79.75483838       81.08103318       81.09605727       83.06915446       76.93696206       76.0367395       
149990400         85.21335317       83.62852921       81.13716804       82.01692977       79.32403916       84.13196454       84.2342509        82.36018551       82.77556721       79.69975104       81.02617743       81.04119916       83.01412655       76.88217064       75.98213857      
152668800         85.15822504       83.57363094       81.08255462       81.9621474        79.26928493       84.07692419       84.17920643       82.30550689       82.72063873       79.6447327        80.97135486       80.98637436       82.95913631       76.82745678       75.92755316      
155347200         85.10313996       83.51876449       81.02795557       81.90739108       79.21457486       84.02192225       84.1242005        82.2508461        82.6657449        79.58978459       80.91656743       80.9315848        82.9041842        76.77282371       75.87299081      
158025600         85.04809739       83.46393011       80.97337376       81.85266244       79.15991189       83.96695873       84.06923306       82.1962046        82.6108865        79.53490804       80.8618171        80.87683242       82.84927076       76.71827449       75.81845852      
160704000         84.99309682       83.40912814       80.91881199       81.79796311       79.10529883       83.91203371       84.01430415       82.14158382       82.5560644        79.48010433       80.80710583       80.82211919       82.79439665       76.66381203       75.76396284      
163382400         84.9381378        83.35435896       80.86427297       81.74329474       79.05073845       83.85714737       83.95941387       82.08698521       82.50127951       79.4253748        80.75243557       80.76744702       82.73956256       76.60943908       75.70950982      
166060800         84.88321996       83.29962301       80.80975933       81.688659         78.99623336       83.80229991       83.90456242       82.0324102        82.4465328        79.37072075       80.69780826       80.71281784       82.68476926       76.55515824       75.65510514      
168739200         84.82834295       83.24492079       80.75527361       81.63405751       78.94178611       83.74749166       83.84975001       81.97786017       82.39182527       79.31614347       80.6432258        80.65823355       82.63001756       76.50097196       75.60075408      
171417600         84.77350647       83.1902528        80.70081828       81.5794919        78.88739914       83.69272295       83.79497696       81.92333653       82.33715793       79.26164425       80.58869004       80.60369598       82.57530829       76.44688254       75.54646156      
174096000         84.71871029       83.13561961       80.64639571       81.52496378       78.83307479       83.63799415       83.74024359       81.86884063       82.28253183       79.20722432       80.53420281       80.54920695       82.52064232       76.39289215       75.49223217      
176774400         84.6639542        83.08102181       80.59200818       81.47047471       78.77881527       83.58330569       83.68555027       81.81437384       82.227948         79.15288492       80.47976587       80.49476821       82.46602054       76.33900281       75.4380702       
179452800         84.60923804       83.02645999       80.53765791       81.41602625       78.72462274       83.52865803       83.6308974        81.75993746       82.17340752       79.0986272        80.42538096       80.4403815        82.41144385       76.28521642       75.38397966      
182131200         84.55456167       82.97193478       80.48334702       81.36161991       78.67049922       83.47405163       83.57628541       81.70553279       82.11891142       79.04445233       80.37104975       80.38604848       82.35691315       76.23153476       75.32996428      
184809600         84.49992503       82.91744682       80.42907756       81.30725717       78.61644666       83.419487         83.52171475       81.65116112       82.06446074       78.99036139       80.31677387       80.33177075       82.30242934       76.17795948       75.27602754      
187488000         84.44532805       82.86299675       80.37485149       81.25293947       78.56246691       83.36496464       83.46718589       81.59682369       82.01005652       78.93635546       80.26255488       80.2775499        82.24799332       76.1244921        75.22217269      
190166400         84.39077071       82.80858524       80.32067072       81.19866821       78.50856172       83.3104851        83.41269933       81.54252172       81.95569979       78.88243553       80.2083943        80.22338741       82.193606         76.07113406       75.16840277      
192844800         84.33625304       82.75421294       80.26653705       81.14444476       78.45473275       83.2560489        83.35825556       81.48825642       81.90139154       78.82860258       80.15429358       80.16928475       82.13926825       76.01788665       75.11472062      
195523200         84.28177506       82.69988054       80.21245224       81.09027044       78.40098159       83.20165661       83.30385508       81.43402897       81.84713277       78.77485753       80.10025414       80.11524332       82.08498097       75.96475107       75.06112885      
198201600         84.22733686       82.64558869       80.15841797       81.03614654       78.34730973       83.14730876       83.24949842       81.3798405        81.79292445       78.72120125       80.04627733       80.06126447       82.03074502       75.91172841       75.00762993      
200880000         84.17293851       82.59133807       80.10443584       80.9820743        78.29371858       83.09300592       83.19518611       81.32569216       81.73876753       78.66763456       79.99236445       80.00734948       81.97656124       75.85881966       74.95422614      
203558400         84.11858015       82.53712935       80.05050739       80.92805492       78.24020946       83.03874866       83.14091866       81.27158504       81.68466293       78.61415822       79.93851673       79.9534996        81.92243046       75.8060257        74.90091959      
206236800         84.0642619        82.48296321       79.99663411       80.87408957       78.18678362       82.98453752       83.08669662       81.21752021       81.63061158       78.56077297       79.88473537       79.89971601       81.86835353       75.75334733       74.84771226      
208915200         84.00998394       82.4288403        79.94281742       80.82017938       78.13344223       82.93037308       83.0325205        81.16349874       81.57661433       78.50747947       79.8310215        79.84599985       81.81433121       75.70078523       74.79460594      
211593600         83.95661446       82.37562931       79.88992668       80.76719344       78.0810544        82.8771239        82.97925886       81.11038965       81.52354008       78.45514635       79.77824422       79.7932202        81.76123231       75.64920804       74.74247034      
214272000         83.91260498       82.33178205       79.84641414       80.7235838        78.03807188       82.83324172       82.93536342       81.06664508       81.4798407        78.41222478       79.73485547       79.749829         81.71750865       75.60706654       74.69975737      
216950400         83.88008737       82.29943043       79.81441171       80.69148231       78.00662561       82.80085836       82.902966         81.03439709       81.44764797       78.38084494       79.70298675       79.71795777       81.68529195       75.57649008       74.66859769      
219628800         83.85905444       82.27856725       79.79391206       80.67088159       77.98670712       82.77996654       82.88205935       81.01363858       81.42695445       78.36099769       79.68263029       79.69759872       81.66457476       75.55746857       74.64898261      
222307200         83.84949897       82.26918527       79.78490778       80.66177423       77.9783078        82.77055897       82.87263618       81.00436244       81.41775271       78.3526738        79.6737782        79.68874398       81.65534959       75.54999189       74.6409034       
224985600         83.85141377       82.27127728       79.78739138       80.66415273       77.98141898       82.77262833       82.87468919       81.00656149       81.42003526       78.35586403       79.67642255       79.6913856        81.6576089        75.55404989       74.64435125      
227664000         83.86479166       82.28483606       79.80135532       80.67800957       77.99603192       82.78616732       82.8882111        81.02022856       81.43379455       78.37055911       79.69055528       79.70551555       81.67134514       75.56963241       74.65931732      
230342400         83.88962545       82.30985436       79.82679199       80.70333714       78.02213782       82.81116861       82.9131946        81.04535642       81.45902302       78.39674976       79.71616832       79.73112573       81.69655073       75.59672927       74.68579272      
233020800         83.92590798       82.34632492       79.86369374       80.74012784       78.05972787       82.84762484       82.94963237       81.08193782       81.49571307       78.43442668       79.75325354       79.76820803       81.73321801       75.6353303        74.72376854      
235699200         83.97363207       82.39424049       79.91205288       80.78837399       78.1087932        82.89552867       82.99751708       81.1299655        81.54385706       78.48358062       79.80180277       79.81675429       81.78133935       75.68542535       74.77323581      
238377600         84.03129157       82.4520948        79.97036272       80.84656894       78.16782601       82.95337377       83.05534241       81.18793321       81.60194838       78.54270334       79.86030887       79.87525736       81.83940812       75.74550533       74.83268664      
241056000         84.09471031       82.51571169       80.03444678       80.9105362        78.23264888       83.01698383       83.11893211       81.25166478       81.66581054       78.60761716       79.92459494       79.93954033       81.90324779       75.81139191       74.89794377      
243734400         84.16363916       82.58484208       80.10405581       80.98002648       78.30301182       83.08610971       83.18803701       81.32091123       81.73519425       78.67807191       79.99441136       80.00935361       81.97260905       75.88283441       74.96875746      
246412800         84.23807479       82.65948271       80.17918636       81.05503629       78.37891072       83.16074801       83.26265374       81.39566934       81.81009598       78.75406321       80.06975435       80.0846934        82.04748836       75.95982795       75.04512375      
249091200         84.31801387       82.73963028       80.25983497       81.13556211       78.46034144       83.24089535       83.34277895       81.47593589       81.89051222       78.83558671       80.1506201        80.16555591       82.12788216       76.04236754       75.12703859      
251769600         84.40345308       82.82528148       80.34599812       81.22160043       78.54729981       83.32654832       83.42840921       81.56170764       81.97643943       78.922638         80.23700483       80.25193734       82.2137869        76.13044813       75.21449786      
254448000         84.4943891        82.916433         80.43767233       81.3131477        78.63978166       83.41770351       83.51954115       81.65298134       82.06787406       79.01521264       80.32890472       80.34383387       82.30519901       76.2240645        75.3074974       
257126400         84.59081862       83.0130815        80.53485407       81.41020038       78.73778273       83.51435749       83.61617136       81.74975373       82.16481256       79.11330607       80.42631594       80.44124169       82.40211492       76.32321127       75.4060329       
259804800         84.69273831       83.11522367       80.63753977       81.5127549        78.84129869       83.61650685       83.71829641       81.85202153       82.26725135       79.2169137        80.52923462       80.54415692       82.50453103       76.42788281       75.5101          
262483200         84.80014486       83.22285615       80.74572585       81.62080767       78.95032513       83.72414816       83.82591291       81.95978145       82.37518687       79.32603077       80.63765687       80.65257567       82.61244376       76.53807325       75.61969415      
265161600         84.9116296        83.33457027       80.85800337       81.73294976       79.06345222       83.83587261       83.93761207       82.07162484       82.48721016       79.43924708       80.75017341       80.76508867       82.72444414       76.65237108       75.73340536      
267840000         85.02328242       83.44645597       80.97046216       81.84527096       79.17676891       83.9477701        84.04948377       82.18364176       82.59941102       79.55265132       80.86287375       80.87778542       82.83662195       76.76686372       75.84732265      
270518400         85.1348735        83.55828358       81.0828725        81.95754148       79.29004469       84.0596108        84.16129822       82.29560262       82.71155962       79.6660127        80.97552785       80.99043589       82.94874732       76.88131903       75.96121554      
273196800         85.24640311       83.67005351       81.19523471       82.06976161       79.40327904       84.17139504       84.27305573       82.40750796       82.82365622       79.77933033       81.0881357        81.10304007       83.06082049       76.99573456       76.0750834       
275875200         85.35787154       83.78176614       81.30754908       82.18193161       79.51647124       84.28312309       84.38475658       82.51935828       82.93570105       79.8926031        81.20069726       81.21559792       83.17284166       77.11010744       76.18892527      
278553600         85.46927906       83.89342186       81.41981585       82.29405168       79.62962037       84.39479522       84.49640104       82.63115407       83.0476943        80.00582965       81.31321236       81.32810927       83.284811         77.22443428       76.30273991      
281232000         85.58062596       84.00502102       81.53203515       82.40612196       79.74272528       84.50641169       84.60798939       82.74289578       83.1596361        80.11900831       81.42568072       81.44057384       83.39672863       77.33871114       76.41652569      
283910400         85.69191253       84.11656395       81.64420707       82.51814254       79.85578453       84.61797272       84.71952186       82.85458385       83.27152657       80.2321371        81.53810195       81.55299125       83.50859462       77.45293347       76.53028061      
286588800         85.80313905       84.22805099       81.75633157       82.63011342       79.96879639       84.72947852       84.83099866       82.96621869       83.38336572       80.34521365       81.65047547       81.66536093       83.62040898       77.56709591       76.64400223      
289267200         85.9143024        84.33947902       81.86840511       82.74203114       80.08175537       84.84092585       84.9424166        83.07779725       83.49515011       80.45823175       81.76279717       81.77767876       83.73216825       77.68118889       76.7576842       
291945600         86.02244535       84.44789087       81.97746999       82.85093805       80.19170158       84.94935742       85.05081836       83.1863624        83.60392218       80.56823071       81.87210868       81.88698638       83.84091485       77.79224788       76.8683657       
294624000         86.12498803       84.55070674       82.08094603       82.95425402       80.29605248       85.05219329       85.15362405       83.28933447       83.70710181       80.67262724       81.9758291        81.99070291       83.94406864       77.89768551       76.97346331      
297302400         86.22193423       84.64793058       82.17883663       83.05198254       80.39480898       85.14943723       85.25083744       83.38671748       83.80469254       80.77142136       82.07396109       82.08883098       84.04163312       77.99749732       77.07297684      
299980800         86.3132878        84.73956631       82.27114511       83.14412699       80.48797151       85.24109301       85.34246232       83.47851543       83.89669785       80.86461258       82.16650708       82.18137307       84.13361175       78.09167796       77.16690534      
302659200         86.39905257       84.82561778       82.35787458       83.23069063       80.57553999       85.32716432       85.42850242       83.56473227       83.98312106       80.95219982       82.25346923       82.26833132       84.22000783       78.18022127       77.25524715      
305337600         86.47923235       84.90608882       82.4390279        83.31167649       80.65751382       85.40765479       85.50896138       83.64537183       84.06396535       81.03418152       82.33484937       82.34970758       84.30082453       78.2631204        77.33799982      
308016000         86.55383097       84.98098316       82.51460775       83.38708746       80.73389192       85.48256797       85.5838428        83.72043789       84.13923374       81.11055563       82.41064902       82.42550339       84.37606484       78.34036808       77.41516023      
310694400         86.6228522        85.05030447       82.5846165        83.45692617       80.80467279       85.55190733       85.6531502        83.78993411       84.20892908       81.18131979       82.48086939       82.49571995       84.44573161       78.41195678       77.48672461      
313372800         86.68629983       85.11405636       82.64905343       83.52119506       80.86985454       85.61567624       85.71688701       83.85386378       84.27305403       81.24647132       82.54551136       82.56035815       84.50982749       78.4778789        77.55260271      
316051200         86.74417416       85.17223877       82.70781564       83.57988841       80.92942839       85.67387457       85.77505315       83.91220504       84.33160747       81.30600396       82.60456966       82.61941287       84.5683515        78.53812338       77.61082045      
318729600         86.7935196        85.22189236       82.75770608       83.63001245       80.98039763       85.72354601       85.82469241       83.96189135       84.38162872       81.35695443       82.65506045       82.6699009        84.61834548       78.58971593       77.65692603      
321408000         86.83175941       85.26042506       82.79602688       83.66892285       81.02009638       85.76211186       85.86322638       84.00022305       84.42052471       81.39673289       82.69434851       82.70918803       84.65722474       78.63002153       77.68929832      
324086400         86.85890017       85.28781806       82.82277652       83.69656966       81.04843277       85.78957372       85.89065721       84.02715185       84.4482765        81.42532366       82.72238055       82.73722154       84.68498077       78.65893882       77.70899835      
326764800         86.87494734       85.30405204       82.83800074       83.71292532       81.0653389        85.80592949       85.90698354       84.04267938       84.46486415       81.4427043        82.73911784       82.75396286       84.70160115       78.6763624        77.71701961      
329443200         86.87990506       85.30911345       82.8417939        83.71798376       81.07078454       85.81117516       85.912202         84.04684543       84.47027217       81.4488512        82.74454088       82.75939234       84.70707384       78.68222313       77.71425476      
332121600         86.87377641       85.30299719       82.83428429       83.71176121       81.06478125       85.80530675       85.9063091        84.03972191       84.46449252       81.44374495       82.738653         82.7535128        84.70139018       78.67650108       77.70142765      
334800000         86.85656399       85.28570802       82.81561521       83.69429357       81.04737683       85.78832194       85.8893028        84.02139976       84.44752652       81.42737446       82.72147959       82.73634892       84.68454702       78.65922303       77.67912351      
337478400         86.82827048       85.25726033       82.78593444       83.66563172       81.01864585       85.76022134       85.86118372       83.99197894       84.41938518       81.39973933       82.69306405       82.70794328       84.65654791       78.63045339       77.64781946      
340156800         86.78889923       85.21767688       82.74538425       83.62583703       80.9786808        85.72100921       85.82195591       83.95156174       84.38008836       81.36085023       82.65346322       82.66835191       84.61740325       78.59028373       77.60780696      
342835200         86.73847296       85.16700542       82.69409734       83.57499396       80.92760162       85.670712         85.77164541       83.900258         84.32968165       81.31074654       82.60276035       82.6176573        84.56714813       78.53884177       77.55927235      
345513600         86.69274592       85.12102784       82.647921         83.52891517       80.88125752       85.62508999       85.72601193       83.85389186       84.28394567       81.26520577       82.55677012       82.57167348       84.52155279       78.49199335       77.51814184      
348192000         86.6654492        85.0935023        82.62065937       83.50138518       80.85346721       85.59788133       85.69879304       83.82625524       84.25663793       81.23798357       82.52928007       82.54418748       84.49436531       78.46357614       77.49713914      
350870400         86.65657261       85.08444438       82.61228428       83.49243703       80.84429563       85.58908373       85.68998578       83.81736697       84.24777414       81.22909598       82.52032954       82.53523831       84.48559303       78.45367891       77.49461534      
353548800         86.666107         85.09386647       82.62266766       83.50207817       80.85377069       85.59869637       85.69958876       83.82718515       84.25736735       81.23856053       82.52993774       82.54484531       84.49524358       78.4623636        77.50997799      
356227200         86.69404431       85.12177187       82.65163223       83.53028334       80.88186567       85.62671868       85.72760092       83.85561867       84.2854221        81.26639096       82.55809268       82.57299718       84.52332127       78.48963875       77.5428941       
358905600         86.74037703       85.16815126       82.69898038       83.57699981       80.92850976       85.67314821       85.77401959       83.90254913       84.33193061       81.31259142       82.60475277       82.61965328       84.56982351       78.53546347       77.59219548      
361584000         86.80509757       85.23298249       82.76451123       83.64215454       80.99360459       85.73797882       85.83883878       83.96784335       84.39687221       81.37715376       82.66985378       82.68475038       84.63473897       78.59976502       77.65647689      
364262400         86.88819756       85.31623202       82.8480255        83.72566094       81.07702994       85.8211996        85.92204802       84.05136238       84.48021451       81.46005759       82.75331547       82.7682093        84.71804734       78.68244009       77.73505612      
366940800         86.98966712       85.41785679       82.94929625       83.82742128       81.17864227       85.92279436       86.02363184       84.1529578        84.58191507       81.56127089       82.85504372       82.86993701       84.81971987       78.78334798       77.82705391      
369619200         87.09465798       85.52296866       83.05320645       83.93248388       81.28343665       86.02790529       86.12873331       84.25761011       84.68708559       81.66591424       82.96009039       82.97498664       84.92488364       78.88748277       77.91701489      
372297600         87.18850309       85.61685317       83.14485893       84.02606312       81.37657151       86.12185317       86.22267436       84.35047172       84.78101123       81.75928297       83.05367296       83.06857705       85.01884173       78.9800065        77.99077364      
374976000         87.27120533       85.69945886       83.22417409       84.10804972       81.45788143       86.20462558       86.30544388       84.43142102       84.86364003       81.84133401       83.13567845       83.15059632       85.10156121       79.06074536       78.04980659      
377654400         87.34276523       85.77073312       83.29121084       84.17836809       81.52724427       86.27620502       86.37702585       84.50043059       84.93491831       81.91201688       83.20601784       83.22095573       85.17300412       79.12954288       78.09527883      
380332800         87.40318073       85.83063262       83.34608282       84.23698455       81.58460247       86.33657094       86.43740106       84.55754003       84.99480057       81.9712818        83.26464029       83.27960408       85.23313352       79.18629439       78.12838008      
383011200         87.45244769       85.87912885       83.38891358       84.28389709       81.62995523       86.385703         86.48655022       84.60281661       85.0432549        82.01908757       83.31152952       83.32652446       85.28191905       79.23096034       78.1501373       
385689600         87.49056083       85.91620768       83.41987452       84.31912762       81.66334458       86.42358372       86.52445651       84.63635141       85.08026338       82.05540573       83.34669672       83.36172717       85.31933932       79.26355967       78.16140005      
388368000         87.51751474       85.94186852       83.4391718        84.3427243        81.68485162       86.45020004       86.55110712       84.6582658        85.10582197       82.08022195       83.37018061       83.38524983       85.34538268       79.28415888       78.1628702       
391046400         87.53330464       85.95612454       83.44701316       84.35475745       81.6945891        86.46554431       86.56649431       84.6686964        85.11994115       82.09353693       83.3820445        83.39715454       85.36004807       79.29286208       78.15511712      
393724800         87.5379271        85.95900123       83.4435757        84.35530996       81.69268923       86.46961505       86.57061615       84.6677697        85.12264457       82.09536613       83.38236849       83.39752023       85.36334507       79.28980046       78.13859322      
396403200         87.53407632       85.95322861       83.43175742       84.34716602       81.68198818       86.46511282       86.56617243       84.65830975       85.11666181       82.08843366       83.37393728       83.38913053       85.35798838       79.27781701       78.11641229      
399081600         87.52441386       85.94150857       83.41441228       84.33308505       81.66529365       86.45470895       86.55583351       84.64312375       85.10469553       82.07543855       83.35950984       83.37474332       85.34666527       79.25972651       78.09139959      
401760000         87.50893908       85.92388537       83.39167796       84.31316327       81.64274853       86.43841547       86.53961029       84.62233299       85.08679128       82.05642396       83.33918453       83.35445605       85.32940547       79.23568181       78.06347102      
404438400         87.48765363       85.90040665       83.36365456       84.28748856       81.61448412       86.41624914       86.51751826       84.59602962       85.06299865       82.03143963       83.31305479       83.32836147       85.30624395       79.20583098       78.03253964      
407116800         87.46056152       85.87111969       83.33042226       84.25613845       81.58061497       86.38823038       86.48957654       84.56428575       85.03336773       82.00053879       83.28120533       83.29654381       85.2772185        79.17030857       77.99846087      
409795200         87.42766885       85.83606943       83.29204993       84.21918167       81.54123944       86.35438201       86.45580669       84.52716174       84.99794716       81.96377544       83.24371199       83.25907858       85.24236764       79.12923175       77.96106257      
412473600         87.38898356       85.79529801       83.24859765       84.17667986       81.49644187       86.31472815       86.41623164       84.48471075       84.95678327       81.92120262       83.2006428        83.21603357       85.20172954       79.08270032       77.92035472      
415152000         87.34451502       85.74884479       83.20009917       84.12868778       81.44629413       86.26929345       86.37087498       84.43697516       84.90991989       81.87287152       83.1520584        83.16746927       85.1553413        79.0307982        77.87633855      
417830400         87.29427376       85.696746         83.14656668       84.07524952       81.39085445       86.21810266       86.31976043       84.38397774       84.85739765       81.81883071       83.09800981       83.11343667       85.1032385        78.97359637       77.82901328      
420508800         87.23857524       85.63933759       83.08833191       84.01670534       81.33047406       86.16148403       86.26321541       84.32604381       84.79955695       81.75942942       83.03884335       83.05428214       85.04575829       78.91145921       77.77870561      
423187200         87.18155393       85.58077035       83.02955412       83.95721197       81.26931791       86.10358315       86.20538474       84.26732391       84.7405529        81.69883141       82.97871992       82.99416656       84.9870535        78.84856129       77.72953266      
425865600         87.12452127       85.52236971       82.97156188       83.89810186       81.20872514       86.04572096       86.14758875       84.2091465        84.68171481       81.63837353       82.918975         82.93442535       84.9284513        78.78624822       77.68257316      
428544000         87.07889287       85.47578362       82.92573448       83.85110732       81.16067826       85.99947066       86.10138812       84.16300622       84.63478056       81.59012962       82.87147152       82.88692189       84.88165882       78.7368454        77.6463755       
