/*--------------------------------*- C++ -*----------------------------------*\
| =========                 |                                                 |
| \\      /  F ield         | OpenFOAM: The Open Source CFD Toolbox           |
|  \\    /   O peration     | Version:  2406                                  |
|   \\  /    A nd           | Website:  www.openfoam.com                      |
|    \\/     M anipulation  |                                                 |
\*---------------------------------------------------------------------------*/
FoamFile
{
    version     2.0;
    format      ascii;
    arch        "LSB;label=32;scalar=64";
    class       volScalarField;
    location    "159";
    object      h;
}
// * * * * * * * * * * * * * * * * * * * * * * * * * * * * * * * * * * * * * //

dimensions      [0 1 0 0 0 0 0];

internalField   nonuniform List<scalar> 
5009
(
-0.00249982695453
-0.00749913281998
-0.012498149995
-0.0174968592763
-0.0224952200625
-0.0274931820112
-0.0324906873076
-0.0374876713794
-0.0424840631549
-0.0474797851471
-0.0524747534665
-0.0574688777996
-0.0624620613741
-0.0674542009192
-0.0724451866259
-0.0774349021089
-0.0824232243734
-0.0874100237859
-0.0923951640503
-0.0973785021891
-0.10235988853
-0.107339166699
-0.112316173616
-0.117290739501
-0.12226268788
-0.127231835601
-0.132197992853
-0.137160963192
-0.142120543571
-0.147076524378
-0.152028689475
-0.156976816252
-0.161920675672
-0.166860032337
-0.171794644551
-0.176724264391
-0.181648637783
-0.186567504583
-0.191480598671
-0.196387648039
-0.201288374896
-0.206182495772
-0.211069721632
-0.215949757992
-0.220822305047
-0.225687057798
-0.230543706191
-0.235391935255
-0.240231425257
-0.245061851852
-0.249882886242
-0.254694195343
-0.259495441958
-0.264286284953
-0.269066379438
-0.273835376956
-0.278592925676
-0.283338670594
-0.288072253733
-0.29279331435
-0.297501489155
-0.302196412523
-0.306877716718
-0.311545032118
-0.316197987448
-0.320836210009
-0.325459325918
-0.330066960349
-0.334658737776
-0.339234282218
-0.343793217487
-0.348335167442
-0.352859756241
-0.357366608592
-0.361855350016
-0.366325607094
-0.370777007734
-0.375209181424
-0.37962175949
-0.384014375356
-0.388386664799
-0.392738266207
-0.397068820834
-0.401377973052
-0.405665370604
-0.409930664853
-0.414173511028
-0.41839356847
-0.422590500868
-0.426763976503
-0.430913668474
-0.435039254932
-0.439140419301
-0.443216850501
-0.447268243158
-0.451294297819
-0.455294721148
-0.45926922613
-0.46321753226
-0.467139365726
-0.471034459589
-0.474902553953
-0.478743396131
-0.4825567408
-0.48634235015
-0.490099994027
-0.493829450064
-0.497530503811
-0.501202948849
-0.504846586901
-0.508461227932
-0.512046690243
-0.515602800554
-0.519129394082
-0.522626314606
-0.526093414525
-0.529530554912
-0.532937605551
-0.536314444972
-0.539660960478
-0.542977048158
-0.546262612893
-0.549517568362
-0.552741837027
-0.555935350121
-0.55909804762
-0.562229878211
-0.565330799257
-0.568400776741
-0.571439785217
-0.574447807748
-0.577424835835
-0.58037086934
-0.583285916409
-0.586169993378
-0.589023124681
-0.591845342751
-0.594636687908
-0.597397208255
-0.600126959555
-0.602826005113
-0.605494415647
-0.608132269159
-0.610739650799
-0.613316652727
-0.615863373968
-0.618379920271
-0.620866403952
-0.62332294375
-0.625749664665
-0.628146697807
-0.630514180233
-0.632852254785
-0.63516106993
-0.637440779593
-0.639691542993
-0.641913524475
-0.644106893343
-0.646271823692
-0.648408494241
-0.650517088162
-0.652597792913
-0.65465080007
-0.65667630516
-0.658674507492
-0.660645609992
-0.662589819038
-0.664507344295
-0.666398398553
-0.668263197564
-0.670101959885
-0.671914906718
-0.673702261754
-0.675464251016
-0.677201102714
-0.678913047088
-0.680600316261
-0.682263144098
-0.683901766058
-0.685516419058
-0.68710734133
-0.688674772292
-0.690218952408
-0.691740123066
-0.693238526445
-0.694714405396
-0.696168003317
-0.697599564037
-0.699009331698
-0.700397550649
-0.701764465328
-0.703110320162
-0.704435359465
-0.705739827331
-0.707023967542
-0.708288023473
-0.709532237999
-0.710756853411
-0.711962111324
-0.713148252601
-0.714315517269
-0.715464144447
-0.716594372268
-0.717706437811
-0.718800577031
-0.719877024696
-0.720936014321
-0.721977778114
-0.723002546912
-0.724010550131
-0.725002015711
-0.725977170071
-0.726936238056
-0.727879442896
-0.728807006164
-0.729719147733
-0.730616085744
-0.731498036561
-0.73236521475
-0.733217833036
-0.734056102281
-0.734880231457
-0.735690427615
-0.736486895869
-0.737269839368
-0.738039459282
-0.738795954781
-0.739539523019
-0.740270359119
-0.740988656163
-0.741694605177
-0.742388395123
-0.743070212892
-0.743740243293
-0.744398669051
-0.745045670799
-0.745681427081
-0.746306114343
-0.746919906936
-0.747522977116
-0.748115495046
-0.748697628797
-0.749269544352
-0.749831405612
-0.750383374398
-0.750925610461
-0.751458271487
-0.751981513104
-0.752495488895
-0.7530003504
-0.753496247134
-0.753983326591
-0.75446173426
-0.754931613636
-0.75539310623
-0.755846351584
-0.756291487284
-0.756728648977
-0.757157970379
-0.757579583295
-0.757993617634
-0.758400201421
-0.758799460818
-0.759191520134
-0.75957650185
-0.759954526626
-0.760325713327
-0.760690179034
-0.761048039065
-0.761399406991
-0.761744394655
-0.762083112191
-0.762415668037
-0.76274216896
-0.763062720072
-0.763377424845
-0.763686385135
-0.763989701197
-0.764287471706
-0.764579793773
-0.764866762965
-0.765148473327
-0.765425017395
-0.765696486217
-0.765962969374
-0.766224554996
-0.766481329782
-0.766733379017
-0.766980786593
-0.767223635024
-0.767462005468
-0.767695977742
-0.767925630345
-0.768151040469
-0.768372284023
-0.768589435649
-0.768802568739
-0.769011755453
-0.769217066737
-0.769418572342
-0.769616340835
-0.769810439625
-0.770000934973
-0.770187892014
-0.770371374766
-0.770551446158
-0.770728168036
-0.770901601183
-0.771071805338
-0.771238839208
-0.771402760484
-0.771563625859
-0.771721491041
-0.77187641077
-0.772028438833
-0.772177628077
-0.772324030426
-0.772467696894
-0.772608677601
-0.772747021786
-0.77288277782
-0.773015993223
-0.773146714677
-0.773274988035
-0.773400858342
-0.773524369842
-0.773645565993
-0.773764489481
-0.773881182233
-0.773995685425
-0.774108039501
-0.77421828418
-0.774326458471
-0.774432600683
-0.774536748439
-0.774638938684
-0.774739207701
-0.774837591116
-0.774934123917
-0.775028840457
-0.77512177447
-0.775212959081
-0.775302426812
-0.775390209598
-0.775476338796
-0.77556084519
-0.775643759006
-0.775725109923
-0.775804927074
-0.775883239067
-0.775960073983
-0.776035459394
-0.776109422365
-0.77618198947
-0.776253186794
-0.776323039944
-0.776391574058
-0.776458813815
-0.776524783437
-0.776589506704
-0.776653006959
-0.776715307113
-0.776776429657
-0.776836396668
-0.776895229815
-0.776952950367
-0.777009579202
-0.777065136811
-0.777119643307
-0.777173118431
-0.777225581557
-0.777277051704
-0.777327547534
-0.777377087368
-0.777425689184
-0.777473370627
-0.777520149015
-0.777566041344
-0.777611064294
-0.777655234235
-0.777698567233
-0.777741079055
-0.777782785174
-0.777823700774
-0.777863840758
-0.777903219749
-0.777941852098
-0.777979751891
-0.778016932946
-0.778053408827
-0.778089192842
-0.778124298052
-0.778158737274
-0.778192523084
-0.778225667823
-0.778258183602
-0.778290082303
-0.778321375588
-0.7783520749
-0.778382191466
-0.778411736304
-0.778440720225
-0.778469153836
-0.778497047548
-0.778524411572
-0.778551255932
-0.778577590461
-0.778603424807
-0.778628768439
-0.778653630645
-0.77867802054
-0.778701947069
-0.778725419005
-0.778748444959
-0.77877103338
-0.778793192555
-0.778814930619
-0.778836255549
-0.778857175177
-0.778877697182
-0.778897829104
-0.778917578335
-0.778936952133
-0.778955957614
-0.778974601765
-0.778992891437
-0.779010833353
-0.779028434109
-0.779045700179
-0.77906263791
-0.779079253533
-0.77909555316
-0.779111542787
-0.779127228297
-0.779142615463
-0.779157709947
-0.779172517305
-0.779187042989
-0.779201292345
-0.779215270621
-0.779228982963
-0.779242434422
-0.779255629952
-0.779268574414
-0.779281272576
-0.779293729117
-0.779305948626
-0.779317935607
-0.779329694477
-0.77934122957
-0.779352545138
-0.779363645352
-0.779374534305
-0.779385216011
-0.779395694409
-0.779405973363
-0.779416056664
-0.779425948031
-0.779435651112
-0.779445169486
-0.779454506665
-0.779463666094
-0.779472651152
-0.779481465155
-0.779490111354
-0.779498592941
-0.779506913046
-0.77951507474
-0.779523081035
-0.779530934887
-0.779538639195
-0.779546196804
-0.779553610503
-0.779560883031
-0.779568017072
-0.77957501526
-0.779581880181
-0.779588614369
-0.779595220312
-0.779601700449
-0.779608057175
-0.779614292836
-0.779620409738
-0.779626410139
-0.779632296256
-0.779638070264
-0.779643734297
-0.779649290447
-0.779654740767
-0.779660087272
-0.779665331937
-0.779670476701
-0.779675523465
-0.779680474094
-0.779685330419
-0.779690094233
-0.779694767299
-0.779699351343
-0.77970384806
-0.779708259114
-0.779712586133
-0.779716830719
-0.77972099444
-0.779725078837
-0.779729085419
-0.779733015668
-0.779736871037
-0.779740652953
-0.779744362813
-0.77974800199
-0.779751571829
-0.779755073652
-0.779758508752
-0.779761878402
-0.779765183847
-0.779768426309
-0.779771606989
-0.779774727063
-0.779777787686
-0.779780789988
-0.779783735082
-0.779786624057
-0.779789457982
-0.779792237905
-0.779794964854
-0.77979763984
-0.779800263852
-0.77980283786
-0.779805362817
-0.779807839658
-0.779810269299
-0.77981265264
-0.779814990562
-0.779817283931
-0.779819533595
-0.779821740387
-0.779823905124
-0.779826028607
-0.779828111623
-0.779830154941
-0.779832159319
-0.779834125499
-0.779836054208
-0.77983794616
-0.779839802056
-0.779841622583
-0.779843408414
-0.779845160211
-0.779846878623
-0.779848564285
-0.779850217822
-0.779851839846
-0.779853430957
-0.779854991745
-0.779856522787
-0.779858024651
-0.779859497893
-0.779860943057
-0.779862360679
-0.779863751285
-0.779865115389
-0.779866453495
-0.779867766101
-0.779869053691
-0.779870316742
-0.779871555723
-0.779872771092
-0.779873963299
-0.779875132786
-0.779876279986
-0.779877405323
-0.779878509214
-0.779879592069
-0.779880654288
-0.779881696265
-0.779882718385
-0.779883721027
-0.779884704563
-0.779885669356
-0.779886615765
-0.779887544138
-0.779888454821
-0.779889348151
-0.779890224458
-0.779891084067
-0.779891927296
-0.779892754457
-0.779893565858
-0.779894361798
-0.779895142572
-0.77989590847
-0.779896659774
-0.779897396764
-0.779898119712
-0.779898828886
-0.779899524548
-0.779900206956
-0.779900876363
-0.779901533017
-0.77990217716
-0.779902809032
-0.779903428866
-0.779904036892
-0.779904633336
-0.779905218416
-0.779905792352
-0.779906355354
-0.779906907631
-0.779907449389
-0.779907980827
-0.779908502142
-0.779909013527
-0.779909515171
-0.779910007261
-0.779910489978
-0.779910963501
-0.779911428005
-0.779911883663
-0.779912330642
-0.779912769109
-0.779913199225
-0.779913621149
-0.779914035039
-0.779914441046
-0.779914839322
-0.779915230014
-0.779915613265
-0.779915989219
-0.779916358013
-0.779916719785
-0.779917074668
-0.779917422794
-0.779917764291
-0.779918099286
-0.779918427902
-0.779918750262
-0.779919066484
-0.779919376685
-0.779919680979
-0.779919979481
-0.779920272299
-0.779920559542
-0.779920841317
-0.779921117727
-0.779921388875
-0.77992165486
-0.779921915782
-0.779922171736
-0.779922422817
-0.779922669119
-0.779922910731
-0.779923147744
-0.779923380245
-0.779923608319
-0.779923832051
-0.779924051524
-0.779924266819
-0.779924478015
-0.77992468519
-0.779924888421
-0.779925087783
-0.779925283349
-0.779925475192
-0.779925663382
-0.77992584799
-0.779926029082
-0.779926206727
-0.779926380989
-0.779926551934
-0.779926719623
-0.779926884119
-0.779927045483
-0.779927203774
-0.77992735905
-0.77992751137
-0.779927660788
-0.779927807361
-0.779927951142
-0.779928092185
-0.779928230541
-0.779928366262
-0.779928499397
-0.779928629996
-0.779928758107
-0.779928883777
-0.779929007052
-0.779929127979
-0.779929246601
-0.779929362962
-0.779929477106
-0.779929589074
-0.779929698908
-0.779929806648
-0.779929912334
-0.779930016005
-0.779930117699
-0.779930217454
-0.779930315307
-0.779930411293
-0.779930505448
-0.779930597807
-0.779930688404
-0.779930777272
-0.779930864444
-0.779930949952
-0.779931033829
-0.779931116104
-0.779931196808
-0.779931275971
-0.779931353623
-0.779931429791
-0.779931504504
-0.77993157779
-0.779931649676
-0.779931720187
-0.779931789351
-0.779931857193
-0.779931923738
-0.77993198901
-0.779932053033
-0.779932115832
-0.77993217743
-0.779932237849
-0.779932297111
-0.779932355239
-0.779932412254
-0.779932468178
-0.77993252303
-0.779932576831
-0.779932629602
-0.779932681361
-0.779932732128
-0.779932781922
-0.77993283076
-0.779932878663
-0.779932925646
-0.779932971728
-0.779933016925
-0.779933061255
-0.779933104733
-0.779933147377
-0.779933189201
-0.779933230222
-0.779933270455
-0.779933309914
-0.779933348614
-0.779933386571
-0.779933423797
-0.779933460307
-0.779933496114
-0.779933531232
-0.779933565674
-0.779933599453
-0.779933632582
-0.779933665071
-0.779933696935
-0.779933728185
-0.779933758832
-0.779933788889
-0.779933818365
-0.779933847273
-0.779933875623
-0.779933903426
-0.779933930692
-0.779933957432
-0.779933983655
-0.779934009372
-0.779934034592
-0.779934059324
-0.779934083579
-0.779934107365
-0.77993413069
-0.779934153565
-0.779934175997
-0.779934197996
-0.779934219568
-0.779934240724
-0.779934261469
-0.779934281814
-0.779934301764
-0.779934321328
-0.779934340514
-0.779934359328
-0.779934377777
-0.779934395869
-0.779934413611
-0.779934431009
-0.77993444807
-0.779934464801
-0.779934481207
-0.779934497296
-0.779934513073
-0.779934528544
-0.779934543716
-0.779934558594
-0.779934573184
-0.779934587491
-0.779934601521
-0.77993461528
-0.779934628772
-0.779934642003
-0.779934654978
-0.779934667702
-0.77993468018
-0.779934692416
-0.779934704416
-0.779934716185
-0.779934727725
-0.779934739043
-0.779934750143
-0.779934761028
-0.779934771703
-0.779934782173
-0.77993479244
-0.77993480251
-0.779934812386
-0.779934822072
-0.779934831572
-0.779934840889
-0.779934850028
-0.779934858991
-0.779934867782
-0.779934876405
-0.779934884862
-0.779934893158
-0.779934901296
-0.779934909277
-0.779934917107
-0.779934924788
-0.779934932322
-0.779934939713
-0.779934946964
-0.779934954077
-0.779934961055
-0.779934967902
-0.779934974619
-0.779934981209
-0.779934987675
-0.779934994019
-0.779935000244
-0.779935006353
-0.779935012347
-0.779935018228
-0.779935024
-0.779935029665
-0.779935035224
-0.77993504068
-0.779935046034
-0.77993505129
-0.779935056449
-0.779935061512
-0.779935066483
-0.779935071362
-0.779935076152
-0.779935080855
-0.779935085472
-0.779935090005
-0.779935094455
-0.779935098826
-0.779935103117
-0.779935107331
-0.77993511147
-0.779935115534
-0.779935119526
-0.779935123447
-0.779935127299
-0.779935131082
-0.779935134798
-0.779935138449
-0.779935142036
-0.779935145561
-0.779935149024
-0.779935152427
-0.77993515577
-0.779935159057
-0.779935162286
-0.779935165461
-0.779935168581
-0.779935171648
-0.779935174663
-0.779935177627
-0.779935180541
-0.779935183406
-0.779935186223
-0.779935188994
-0.779935191718
-0.779935194397
-0.779935197032
-0.779935199624
-0.779935202174
-0.779935204682
-0.779935207149
-0.779935209577
-0.779935211965
-0.779935214315
-0.779935216628
-0.779935218904
-0.779935221143
-0.779935223347
-0.779935225517
-0.779935227653
-0.779935229755
-0.779935231824
-0.779935233862
-0.779935235868
-0.779935237843
-0.779935239787
-0.779935241702
-0.779935243588
-0.779935245445
-0.779935247274
-0.779935249076
-0.77993525085
-0.779935252598
-0.77993525432
-0.779935256015
-0.779935257686
-0.779935259332
-0.779935260954
-0.779935262552
-0.779935264126
-0.779935265677
-0.779935267205
-0.779935268711
-0.779935270195
-0.779935271658
-0.779935273099
-0.779935274519
-0.779935275918
-0.779935277298
-0.779935278657
-0.779935279996
-0.779935281316
-0.779935282617
-0.7799352839
-0.779935285163
-0.779935286409
-0.779935287636
-0.779935288845
-0.779935290037
-0.779935291212
-0.779935292369
-0.77993529351
-0.779935294634
-0.779935295741
-0.779935296833
-0.779935297908
-0.779935298967
-0.779935300011
-0.779935301039
-0.779935302052
-0.77993530305
-0.779935304032
-0.779935305
-0.779935305953
-0.779935306892
-0.779935307816
-0.779935308726
-0.779935309622
-0.779935310504
-0.779935311372
-0.779935312227
-0.779935313067
-0.779935313895
-0.779935314709
-0.779935315509
-0.779935316297
-0.779935317072
-0.779935317833
-0.779935318582
-0.779935319318
-0.779935320042
-0.779935320752
-0.779935321451
-0.779935322137
-0.779935322811
-0.779935323472
-0.779935324122
-0.779935324759
-0.779935325385
-0.779935325999
-0.7799353266
-0.779935327191
-0.779935327769
-0.779935328336
-0.779935328891
-0.779935329435
-0.779935329968
-0.779935330489
-0.779935330999
-0.779935331498
-0.779935331986
-0.779935332462
-0.779935332928
-0.779935333383
-0.779935333827
-0.77993533426
-0.779935334682
-0.779935335094
-0.779935335495
-0.779935335885
-0.779935336265
-0.779935336635
-0.779935336994
-0.779935337343
-0.779935337681
-0.779935338009
-0.779935338328
-0.779935338636
-0.779935338934
-0.779935339222
-0.7799353395
-0.779935339769
-0.779935340027
-0.779935340276
-0.779935340515
-0.779935340745
-0.779935340965
-0.779935341176
-0.779935341377
-0.779935341569
-0.779935341751
-0.779935341925
-0.779935342089
-0.779935342244
-0.779935342391
-0.779935342528
-0.779935342656
-0.779935342776
-0.779935342887
-0.77993534299
-0.779935343083
-0.779935343169
-0.779935343246
-0.779935343314
-0.779935343375
-0.779935343427
-0.779935343471
-0.779935343507
-0.779935343535
-0.779935343555
-0.779935343568
-0.779935343573
-0.77993534357
-0.77993534356
-0.779935343542
-0.779935343518
-0.779935343485
-0.779935343446
-0.7799353434
-0.779935343346
-0.779935343286
-0.779935343219
-0.779935343146
-0.779935343066
-0.779935342979
-0.779935342886
-0.779935342787
-0.779935342681
-0.77993534257
-0.779935342452
-0.779935342329
-0.7799353422
-0.779935342065
-0.779935341925
-0.779935341779
-0.779935341628
-0.779935341471
-0.77993534131
-0.779935341143
-0.779935340972
-0.779935340796
-0.779935340615
-0.77993534043
-0.77993534024
-0.779935340046
-0.779935339847
-0.779935339645
-0.779935339438
-0.779935339228
-0.779935339014
-0.779935338796
-0.779935338575
-0.77993533835
-0.779935338122
-0.779935337891
-0.779935337657
-0.77993533742
-0.77993533718
-0.779935336938
-0.779935336692
-0.779935336445
-0.779935336195
-0.779935335943
-0.779935335689
-0.779935335433
-0.779935335175
-0.779935334915
-0.779935334654
-0.779935334391
-0.779935334127
-0.779935333862
-0.779935333595
-0.779935333328
-0.77993533306
-0.779935332791
-0.779935332521
-0.779935332251
-0.77993533198
-0.77993533171
-0.779935331439
-0.779935331168
-0.779935330897
-0.779935330626
-0.779935330356
-0.779935330086
-0.779935329817
-0.779935329548
-0.77993532928
-0.779935329013
-0.779935328747
-0.779935328482
-0.779935328219
-0.779935327957
-0.779935327696
-0.779935327437
-0.779935327179
-0.779935326924
-0.77993532667
-0.779935326418
-0.779935326169
-0.779935325921
-0.779935325676
-0.779935325433
-0.779935325193
-0.779935324956
-0.779935324721
-0.779935324489
-0.77993532426
-0.779935324034
-0.779935323811
-0.779935323591
-0.779935323374
-0.779935323161
-0.779935322952
-0.779935322746
-0.779935322543
-0.779935322345
-0.77993532215
-0.779935321959
-0.779935321772
-0.779935321589
-0.77993532141
-0.779935321235
-0.779935321065
-0.779935320899
-0.779935320737
-0.77993532058
-0.779935320428
-0.77993532028
-0.779935320137
-0.779935319998
-0.779935319865
-0.779935319736
-0.779935319612
-0.779935319493
-0.77993531938
-0.779935319271
-0.779935319167
-0.779935319069
-0.779935318976
-0.779935318888
-0.779935318806
-0.779935318729
-0.779935318657
-0.779935318591
-0.77993531853
-0.779935318475
-0.779935318425
-0.779935318381
-0.779935318343
-0.77993531831
-0.779935318283
-0.779935318261
-0.779935318245
-0.779935318235
-0.779935318231
-0.779935318233
-0.77993531824
-0.779935318253
-0.779935318272
-0.779935318296
-0.779935318326
-0.779935318363
-0.779935318405
-0.779935318452
-0.779935318506
-0.779935318565
-0.779935318631
-0.779935318702
-0.779935318778
-0.779935318861
-0.779935318949
-0.779935319043
-0.779935319143
-0.779935319248
-0.77993531936
-0.779935319476
-0.779935319599
-0.779935319727
-0.77993531986
-0.779935319999
-0.779935320144
-0.779935320294
-0.77993532045
-0.77993532061
-0.779935320777
-0.779935320948
-0.779935321125
-0.779935321307
-0.779935321495
-0.779935321687
-0.779935321885
-0.779935322087
-0.779935322295
-0.779935322507
-0.779935322725
-0.779935322947
-0.779935323174
-0.779935323405
-0.779935323642
-0.779935323883
-0.779935324128
-0.779935324378
-0.779935324632
-0.77993532489
-0.779935325153
-0.77993532542
-0.779935325691
-0.779935325966
-0.779935326245
-0.779935326528
-0.779935326814
-0.779935327105
-0.779935327398
-0.779935327696
-0.779935327997
-0.779935328301
-0.779935328608
-0.779935328919
-0.779935329233
-0.77993532955
-0.77993532987
-0.779935330192
-0.779935330518
-0.779935330846
-0.779935331176
-0.779935331509
-0.779935331845
-0.779935332183
-0.779935332522
-0.779935332864
-0.779935333208
-0.779935333554
-0.779935333902
-0.779935334251
-0.779935334602
-0.779935334955
-0.779935335309
-0.779935335664
-0.77993533602
-0.779935336377
-0.779935336736
-0.779935337095
-0.779935337455
-0.779935337816
-0.779935338177
-0.779935338539
-0.779935338901
-0.779935339263
-0.779935339625
-0.779935339988
-0.77993534035
-0.779935340712
-0.779935341074
-0.779935341436
-0.779935341797
-0.779935342158
-0.779935342517
-0.779935342876
-0.779935343234
-0.779935343591
-0.779935343947
-0.779935344302
-0.779935344655
-0.779935345007
-0.779935345358
-0.779935345707
-0.779935346054
-0.779935346399
-0.779935346742
-0.779935347083
-0.779935347422
-0.779935347759
-0.779935348094
-0.779935348426
-0.779935348755
-0.779935349082
-0.779935349406
-0.779935349727
-0.779935350046
-0.779935350361
-0.779935350673
-0.779935350982
-0.779935351288
-0.77993535159
-0.779935351889
-0.779935352184
-0.779935352476
-0.779935352764
-0.779935353048
-0.779935353328
-0.779935353604
-0.779935353876
-0.779935354144
-0.779935354407
-0.779935354666
-0.779935354921
-0.779935355171
-0.779935355417
-0.779935355658
-0.779935355894
-0.779935356126
-0.779935356353
-0.779935356575
-0.779935356791
-0.779935357003
-0.77993535721
-0.779935357411
-0.779935357607
-0.779935357798
-0.779935357983
-0.779935358163
-0.779935358337
-0.779935358506
-0.77993535867
-0.779935358827
-0.779935358979
-0.779935359125
-0.779935359265
-0.7799353594
-0.779935359528
-0.779935359651
-0.779935359767
-0.779935359878
-0.779935359982
-0.77993536008
-0.779935360173
-0.779935360259
-0.779935360338
-0.779935360412
-0.779935360479
-0.77993536054
-0.779935360595
-0.779935360643
-0.779935360685
-0.77993536072
-0.779935360749
-0.779935360772
-0.779935360788
-0.779935360798
-0.779935360801
-0.779935360798
-0.779935360788
-0.779935360772
-0.779935360749
-0.77993536072
-0.779935360684
-0.779935360642
-0.779935360593
-0.779935360538
-0.779935360476
-0.779935360408
-0.779935360333
-0.779935360252
-0.779935360164
-0.77993536007
-0.779935359969
-0.779935359862
-0.779935359749
-0.779935359629
-0.779935359503
-0.779935359371
-0.779935359232
-0.779935359087
-0.779935358936
-0.779935358779
-0.779935358615
-0.779935358446
-0.77993535827
-0.779935358088
-0.7799353579
-0.779935357706
-0.779935357506
-0.779935357301
-0.779935357089
-0.779935356872
-0.779935356649
-0.77993535642
-0.779935356185
-0.779935355945
-0.7799353557
-0.779935355449
-0.779935355192
-0.77993535493
-0.779935354663
-0.779935354391
-0.779935354113
-0.77993535383
-0.779935353543
-0.77993535325
-0.779935352952
-0.77993535265
-0.779935352342
-0.77993535203
-0.779935351714
-0.779935351393
-0.779935351067
-0.779935350737
-0.779935350403
-0.779935350064
-0.779935349721
-0.779935349375
-0.779935349024
-0.779935348669
-0.779935348311
-0.779935347948
-0.779935347583
-0.779935347213
-0.77993534684
-0.779935346464
-0.779935346085
-0.779935345702
-0.779935345316
-0.779935344928
-0.779935344536
-0.779935344142
-0.779935343744
-0.779935343345
-0.779935342942
-0.779935342538
-0.779935342131
-0.779935341722
-0.77993534131
-0.779935340897
-0.779935340482
-0.779935340065
-0.779935339646
-0.779935339226
-0.779935338804
-0.779935338381
-0.779935337957
-0.779935337531
-0.779935337104
-0.779935336677
-0.779935336248
-0.779935335819
-0.779935335389
-0.779935334959
-0.779935334528
-0.779935334097
-0.779935333666
-0.779935333234
-0.779935332803
-0.779935332371
-0.77993533194
-0.77993533151
-0.779935331079
-0.77993533065
-0.779935330221
-0.779935329792
-0.779935329365
-0.779935328938
-0.779935328513
-0.779935328089
-0.779935327666
-0.779935327245
-0.779935326825
-0.779935326406
-0.77993532599
-0.779935325575
-0.779935325162
-0.779935324752
-0.779935324343
-0.779935323937
-0.779935323533
-0.779935323132
-0.779935322733
-0.779935322337
-0.779935321943
-0.779935321553
-0.779935321165
-0.779935320781
-0.779935320399
-0.779935320021
-0.779935319647
-0.779935319276
-0.779935318908
-0.779935318544
-0.779935318184
-0.779935317828
-0.779935317475
-0.779935317127
-0.779935316783
-0.779935316443
-0.779935316107
-0.779935315776
-0.779935315449
-0.779935315127
-0.779935314809
-0.779935314496
-0.779935314188
-0.779935313885
-0.779935313587
-0.779935313294
-0.779935313006
-0.779935312724
-0.779935312446
-0.779935312174
-0.779935311908
-0.779935311647
-0.779935311391
-0.779935311141
-0.779935310897
-0.779935310659
-0.779935310427
-0.7799353102
-0.77993530998
-0.779935309765
-0.779935309557
-0.779935309355
-0.779935309159
-0.779935308969
-0.779935308786
-0.779935308609
-0.779935308438
-0.779935308275
-0.779935308117
-0.779935307966
-0.779935307822
-0.779935307685
-0.779935307554
-0.77993530743
-0.779935307313
-0.779935307202
-0.779935307099
-0.779935307002
-0.779935306913
-0.77993530683
-0.779935306755
-0.779935306686
-0.779935306625
-0.77993530657
-0.779935306523
-0.779935306483
-0.77993530645
-0.779935306424
-0.779935306406
-0.779935306394
-0.77993530639
-0.779935306393
-0.779935306404
-0.779935306421
-0.779935306446
-0.779935306478
-0.779935306518
-0.779935306564
-0.779935306618
-0.77993530668
-0.779935306748
-0.779935306824
-0.779935306907
-0.779935306997
-0.779935307095
-0.779935307199
-0.779935307311
-0.779935307431
-0.779935307557
-0.779935307691
-0.779935307831
-0.779935307979
-0.779935308134
-0.779935308296
-0.779935308465
-0.779935308641
-0.779935308824
-0.779935309014
-0.779935309211
-0.779935309415
-0.779935309625
-0.779935309843
-0.779935310067
-0.779935310298
-0.779935310536
-0.77993531078
-0.779935311031
-0.779935311289
-0.779935311553
-0.779935311823
-0.7799353121
-0.779935312384
-0.779935312673
-0.779935312969
-0.779935313271
-0.779935313579
-0.779935313893
-0.779935314214
-0.77993531454
-0.779935314872
-0.77993531521
-0.779935315553
-0.779935315902
-0.779935316257
-0.779935316618
-0.779935316984
-0.779935317355
-0.779935317731
-0.779935318113
-0.7799353185
-0.779935318892
-0.779935319289
-0.779935319691
-0.779935320098
-0.779935320509
-0.779935320925
-0.779935321346
-0.779935321771
-0.779935322201
-0.779935322635
-0.779935323073
-0.779935323515
-0.779935323962
-0.779935324412
-0.779935324866
-0.779935325324
-0.779935325786
-0.779935326251
-0.779935326719
-0.779935327191
-0.779935327666
-0.779935328145
-0.779935328626
-0.77993532911
-0.779935329598
-0.779935330088
-0.77993533058
-0.779935331075
-0.779935331573
-0.779935332073
-0.779935332575
-0.77993533308
-0.779935333586
-0.779935334094
-0.779935334604
-0.779935335116
-0.779935335629
-0.779935336144
-0.77993533666
-0.779935337177
-0.779935337696
-0.779935338215
-0.779935338735
-0.779935339257
-0.779935339778
-0.779935340301
-0.779935340824
-0.779935341347
-0.77993534187
-0.779935342394
-0.779935342918
-0.779935343441
-0.779935343964
-0.779935344487
-0.779935345009
-0.779935345531
-0.779935346052
-0.779935346573
-0.779935347092
-0.779935347611
-0.779935348128
-0.779935348644
-0.779935349159
-0.779935349672
-0.779935350183
-0.779935350693
-0.779935351201
-0.779935351707
-0.779935352212
-0.779935352713
-0.779935353213
-0.77993535371
-0.779935354205
-0.779935354697
-0.779935355187
-0.779935355673
-0.779935356157
-0.779935356638
-0.779935357115
-0.77993535759
-0.77993535806
-0.779935358528
-0.779935358992
-0.779935359452
-0.779935359908
-0.779935360361
-0.77993536081
-0.779935361254
-0.779935361694
-0.77993536213
-0.779935362562
-0.779935362989
-0.779935363412
-0.77993536383
-0.779935364243
-0.779935364651
-0.779935365054
-0.779935365453
-0.779935365846
-0.779935366233
-0.779935366616
-0.779935366993
-0.779935367365
-0.779935367731
-0.779935368091
-0.779935368445
-0.779935368794
-0.779935369137
-0.779935369474
-0.779935369804
-0.779935370129
-0.779935370447
-0.779935370759
-0.779935371064
-0.779935371363
-0.779935371656
-0.779935371942
-0.779935372221
-0.779935372493
-0.779935372759
-0.779935373017
-0.779935373269
-0.779935373514
-0.779935373751
-0.779935373982
-0.779935374205
-0.779935374421
-0.77993537463
-0.779935374831
-0.779935375025
-0.779935375211
-0.77993537539
-0.779935375562
-0.779935375725
-0.779935375881
-0.779935376029
-0.77993537617
-0.779935376303
-0.779935376428
-0.779935376545
-0.779935376654
-0.779935376755
-0.779935376848
-0.779935376933
-0.77993537701
-0.779935377079
-0.77993537714
-0.779935377193
-0.779935377238
-0.779935377274
-0.779935377302
-0.779935377323
-0.779935377334
-0.779935377338
-0.779935377333
-0.77993537732
-0.779935377299
-0.77993537727
-0.779935377232
-0.779935377186
-0.779935377131
-0.779935377069
-0.779935376998
-0.779935376918
-0.779935376831
-0.779935376735
-0.779935376631
-0.779935376518
-0.779935376397
-0.779935376268
-0.779935376131
-0.779935375985
-0.779935375832
-0.77993537567
-0.779935375499
-0.779935375321
-0.779935375135
-0.77993537494
-0.779935374737
-0.779935374527
-0.779935374308
-0.779935374081
-0.779935373847
-0.779935373604
-0.779935373353
-0.779935373095
-0.779935372829
-0.779935372555
-0.779935372273
-0.779935371983
-0.779935371686
-0.779935371382
-0.779935371069
-0.77993537075
-0.779935370422
-0.779935370088
-0.779935369746
-0.779935369397
-0.77993536904
-0.779935368676
-0.779935368306
-0.779935367928
-0.779935367543
-0.779935367151
-0.779935366753
-0.779935366348
-0.779935365936
-0.779935365517
-0.779935365092
-0.77993536466
-0.779935364222
-0.779935363777
-0.779935363326
-0.779935362869
-0.779935362406
-0.779935361937
-0.779935361462
-0.779935360981
-0.779935360495
-0.779935360002
-0.779935359504
-0.779935359001
-0.779935358492
-0.779935357977
-0.779935357458
-0.779935356933
-0.779935356404
-0.779935355869
-0.779935355329
-0.779935354785
-0.779935354236
-0.779935353682
-0.779935353124
-0.779935352562
-0.779935351996
-0.779935351425
-0.77993535085
-0.779935350271
-0.779935349688
-0.779935349102
-0.779935348512
-0.779935347919
-0.779935347322
-0.779935346721
-0.779935346118
-0.779935345512
-0.779935344902
-0.77993534429
-0.779935343675
-0.779935343057
-0.779935342437
-0.779935341814
-0.77993534119
-0.779935340563
-0.779935339933
-0.779935339303
-0.77993533867
-0.779935338035
-0.779935337399
-0.779935336762
-0.779935336123
-0.779935335483
-0.779935334842
-0.7799353342
-0.779935333557
-0.779935332913
-0.779935332269
-0.779935331624
-0.779935330979
-0.779935330334
-0.779935329688
-0.779935329043
-0.779935328398
-0.779935327753
-0.779935327108
-0.779935326464
-0.77993532582
-0.779935325177
-0.779935324536
-0.779935323895
-0.779935323255
-0.779935322616
-0.779935321979
-0.779935321343
-0.779935320709
-0.779935320077
-0.779935319446
-0.779935318818
-0.779935318192
-0.779935317567
-0.779935316945
-0.779935316326
-0.779935315709
-0.779935315095
-0.779935314484
-0.779935313876
-0.77993531327
-0.779935312668
-0.77993531207
-0.779935311474
-0.779935310882
-0.779935310294
-0.77993530971
-0.779935309129
-0.779935308553
-0.77993530798
-0.779935307412
-0.779935306848
-0.779935306289
-0.779935305734
-0.779935305184
-0.779935304639
-0.779935304098
-0.779935303563
-0.779935303032
-0.779935302507
-0.779935301988
-0.779935301473
-0.779935300964
-0.779935300461
-0.779935299964
-0.779935299472
-0.779935298987
-0.779935298507
-0.779935298033
-0.779935297566
-0.779935297105
-0.779935296651
-0.779935296203
-0.779935295762
-0.779935295327
-0.779935294899
-0.779935294478
-0.779935294064
-0.779935293657
-0.779935293258
-0.779935292865
-0.77993529248
-0.779935292102
-0.779935291732
-0.77993529137
-0.779935291015
-0.779935290667
-0.779935290328
-0.779935289996
-0.779935289673
-0.779935289357
-0.779935289049
-0.77993528875
-0.779935288459
-0.779935288176
-0.779935287901
-0.779935287635
-0.779935287378
-0.779935287129
-0.779935286888
-0.779935286657
-0.779935286434
-0.779935286219
-0.779935286014
-0.779935285817
-0.77993528563
-0.779935285451
-0.779935285282
-0.779935285121
-0.77993528497
-0.779935284828
-0.779935284695
-0.779935284571
-0.779935284456
-0.779935284351
-0.779935284255
-0.779935284169
-0.779935284092
-0.779935284024
-0.779935283966
-0.779935283918
-0.779935283878
-0.779935283849
-0.779935283829
-0.779935283818
-0.779935283818
-0.779935283826
-0.779935283845
-0.779935283873
-0.779935283911
-0.779935283958
-0.779935284015
-0.779935284082
-0.779935284158
-0.779935284244
-0.77993528434
-0.779935284446
-0.779935284561
-0.779935284686
-0.77993528482
-0.779935284964
-0.779935285118
-0.779935285282
-0.779935285455
-0.779935285637
-0.77993528583
-0.779935286032
-0.779935286243
-0.779935286464
-0.779935286695
-0.779935286934
-0.779935287184
-0.779935287443
-0.779935287711
-0.779935287989
-0.779935288276
-0.779935288572
-0.779935288877
-0.779935289192
-0.779935289516
-0.779935289849
-0.779935290191
-0.779935290543
-0.779935290903
-0.779935291272
-0.77993529165
-0.779935292037
-0.779935292433
-0.779935292837
-0.779935293251
-0.779935293672
-0.779935294103
-0.779935294542
-0.779935294989
-0.779935295445
-0.779935295909
-0.779935296381
-0.779935296862
-0.779935297351
-0.779935297847
-0.779935298352
-0.779935298864
-0.779935299385
-0.779935299913
-0.779935300449
-0.779935300992
-0.779935301543
-0.779935302101
-0.779935302667
-0.77993530324
-0.77993530382
-0.779935304407
-0.779935305001
-0.779935305602
-0.779935306209
-0.779935306824
-0.779935307445
-0.779935308072
-0.779935308706
-0.779935309347
-0.779935309993
-0.779935310646
-0.779935311304
-0.779935311969
-0.779935312639
-0.779935313315
-0.779935313997
-0.779935314684
-0.779935315376
-0.779935316074
-0.779935316777
-0.779935317485
-0.779935318198
-0.779935318915
-0.779935319637
-0.779935320364
-0.779935321096
-0.779935321831
-0.779935322571
-0.779935323316
-0.779935324064
-0.779935324815
-0.779935325571
-0.77993532633
-0.779935327093
-0.779935327859
-0.779935328629
-0.779935329401
-0.779935330177
-0.779935330955
-0.779935331736
-0.77993533252
-0.779935333306
-0.779935334095
-0.779935334886
-0.779935335679
-0.779935336473
-0.77993533727
-0.779935338069
-0.779935338869
-0.77993533967
-0.779935340473
-0.779935341277
-0.779935342081
-0.779935342887
-0.779935343694
-0.779935344501
-0.779935345309
-0.779935346117
-0.779935346925
-0.779935347734
-0.779935348542
-0.77993534935
-0.779935350158
-0.779935350966
-0.779935351772
-0.779935352579
-0.779935353384
-0.779935354188
-0.779935354991
-0.779935355793
-0.779935356593
-0.779935357392
-0.77993535819
-0.779935358985
-0.779935359778
-0.77993536057
-0.779935361359
-0.779935362146
-0.77993536293
-0.779935363712
-0.77993536449
-0.779935365266
-0.779935366039
-0.779935366809
-0.779935367576
-0.779935368339
-0.779935369098
-0.779935369854
-0.779935370606
-0.779935371354
-0.779935372098
-0.779935372838
-0.779935373573
-0.779935374304
-0.77993537503
-0.779935375752
-0.779935376469
-0.77993537718
-0.779935377887
-0.779935378588
-0.779935379284
-0.779935379975
-0.77993538066
-0.779935381339
-0.779935382012
-0.779935382679
-0.779935383341
-0.779935383996
-0.779935384644
-0.779935385287
-0.779935385922
-0.779935386551
-0.779935387174
-0.779935387789
-0.779935388397
-0.779935388998
-0.779935389592
-0.779935390179
-0.779935390758
-0.779935391329
-0.779935391893
-0.779935392449
-0.779935392997
-0.779935393538
-0.77993539407
-0.779935394594
-0.779935395109
-0.779935395617
-0.779935396116
-0.779935396606
-0.779935397087
-0.77993539756
-0.779935398024
-0.779935398479
-0.779935398925
-0.779935399362
-0.77993539979
-0.779935400208
-0.779935400617
-0.779935401016
-0.779935401406
-0.779935401787
-0.779935402157
-0.779935402518
-0.779935402869
-0.779935403211
-0.779935403542
-0.779935403863
-0.779935404174
-0.779935404475
-0.779935404765
-0.779935405045
-0.779935405315
-0.779935405574
-0.779935405823
-0.779935406062
-0.779935406289
-0.779935406506
-0.779935406713
-0.779935406908
-0.779935407093
-0.779935407266
-0.779935407429
-0.779935407581
-0.779935407722
-0.779935407852
-0.779935407971
-0.779935408078
-0.779935408175
-0.77993540826
-0.779935408334
-0.779935408397
-0.779935408448
-0.779935408488
-0.779935408517
-0.779935408534
-0.77993540854
-0.779935408535
-0.779935408518
-0.77993540849
-0.77993540845
-0.779935408399
-0.779935408337
-0.779935408262
-0.779935408177
-0.77993540808
-0.779935407971
-0.779935407851
-0.779935407719
-0.779935407576
-0.779935407421
-0.779935407255
-0.779935407077
-0.779935406888
-0.779935406687
-0.779935406475
-0.779935406251
-0.779935406016
-0.77993540577
-0.779935405512
-0.779935405243
-0.779935404962
-0.77993540467
-0.779935404367
-0.779935404052
-0.779935403727
-0.77993540339
-0.779935403041
-0.779935402682
-0.779935402312
-0.77993540193
-0.779935401538
-0.779935401134
-0.77993540072
-0.779935400294
-0.779935399858
-0.779935399411
-0.779935398953
-0.779935398485
-0.779935398006
-0.779935397516
-0.779935397016
-0.779935396506
-0.779935395985
-0.779935395453
-0.779935394912
-0.77993539436
-0.779935393798
-0.779935393226
-0.779935392644
-0.779935392052
-0.77993539145
-0.779935390838
-0.779935390217
-0.779935389586
-0.779935388946
-0.779935388296
-0.779935387637
-0.779935386968
-0.77993538629
-0.779935385603
-0.779935384908
-0.779935384203
-0.779935383489
-0.779935382767
-0.779935382036
-0.779935381297
-0.779935380549
-0.779935379792
-0.779935379028
-0.779935378255
-0.779935377475
-0.779935376686
-0.77993537589
-0.779935375085
-0.779935374274
-0.779935373454
-0.779935372628
-0.779935371794
-0.779935370953
-0.779935370105
-0.77993536925
-0.779935368388
-0.77993536752
-0.779935366645
-0.779935365764
-0.779935364876
-0.779935363982
-0.779935363082
-0.779935362177
-0.779935361265
-0.779935360348
-0.779935359425
-0.779935358497
-0.779935357563
-0.779935356625
-0.779935355681
-0.779935354732
-0.779935353779
-0.779935352821
-0.779935351859
-0.779935350892
-0.779935349921
-0.779935348946
-0.779935347968
-0.779935346985
-0.779935345999
-0.779935345009
-0.779935344016
-0.77993534302
-0.77993534202
-0.779935341018
-0.779935340013
-0.779935339006
-0.779935337996
-0.779935336983
-0.779935335969
-0.779935334952
-0.779935333934
-0.779935332914
-0.779935331892
-0.779935330869
-0.779935329844
-0.779935328819
-0.779935327792
-0.779935326765
-0.779935325737
-0.779935324709
-0.77993532368
-0.779935322651
-0.779935321622
-0.779935320593
-0.779935319564
-0.779935318536
-0.779935317508
-0.779935316481
-0.779935315455
-0.77993531443
-0.779935313406
-0.779935312383
-0.779935311362
-0.779935310343
-0.779935309325
-0.77993530831
-0.779935307296
-0.779935306285
-0.779935305276
-0.77993530427
-0.779935303266
-0.779935302266
-0.779935301268
-0.779935300273
-0.779935299282
-0.779935298295
-0.779935297311
-0.779935296331
-0.779935295354
-0.779935294382
-0.779935293414
-0.779935292451
-0.779935291492
-0.779935290538
-0.779935289588
-0.779935288644
-0.779935287705
-0.779935286771
-0.779935285842
-0.779935284919
-0.779935284002
-0.779935283091
-0.779935282186
-0.779935281286
-0.779935280394
-0.779935279507
-0.779935278627
-0.779935277754
-0.779935276888
-0.779935276029
-0.779935275177
-0.779935274332
-0.779935273495
-0.779935272665
-0.779935271843
-0.779935271029
-0.779935270222
-0.779935269424
-0.779935268634
-0.779935267852
-0.779935267079
-0.779935266314
-0.779935265558
-0.779935264811
-0.779935264073
-0.779935263344
-0.779935262625
-0.779935261914
-0.779935261213
-0.779935260522
-0.77993525984
-0.779935259168
-0.779935258506
-0.779935257854
-0.779935257212
-0.779935256581
-0.77993525596
-0.779935255349
-0.779935254749
-0.77993525416
-0.779935253581
-0.779935253013
-0.779935252456
-0.779935251911
-0.779935251376
-0.779935250853
-0.779935250341
-0.779935249841
-0.779935249352
-0.779935248875
-0.77993524841
-0.779935247956
-0.779935247515
-0.779935247085
-0.779935246668
-0.779935246262
-0.779935245869
-0.779935245489
-0.77993524512
-0.779935244764
-0.779935244421
-0.77993524409
-0.779935243772
-0.779935243467
-0.779935243174
-0.779935242895
-0.779935242628
-0.779935242375
-0.779935242134
-0.779935241906
-0.779935241692
-0.779935241491
-0.779935241303
-0.779935241129
-0.779935240968
-0.77993524082
-0.779935240686
-0.779935240565
-0.779935240458
-0.779935240365
-0.779935240285
-0.779935240219
-0.779935240166
-0.779935240127
-0.779935240102
-0.779935240091
-0.779935240094
-0.77993524011
-0.77993524014
-0.779935240184
-0.779935240242
-0.779935240314
-0.7799352404
-0.7799352405
-0.779935240613
-0.779935240741
-0.779935240882
-0.779935241038
-0.779935241208
-0.779935241391
-0.779935241588
-0.7799352418
-0.779935242025
-0.779935242264
-0.779935242518
-0.779935242785
-0.779935243066
-0.779935243361
-0.77993524367
-0.779935243992
-0.779935244329
-0.779935244679
-0.779935245043
-0.779935245421
-0.779935245813
-0.779935246218
-0.779935246637
-0.779935247069
-0.779935247516
-0.779935247975
-0.779935248449
-0.779935248935
-0.779935249436
-0.779935249949
-0.779935250476
-0.779935251016
-0.77993525157
-0.779935252136
-0.779935252716
-0.779935253309
-0.779935253914
-0.779935254533
-0.779935255165
-0.779935255809
-0.779935256466
-0.779935257136
-0.779935257818
-0.779935258513
-0.779935259221
-0.77993525994
-0.779935260672
-0.779935261417
-0.779935262173
-0.779935262942
-0.779935263722
-0.779935264514
-0.779935265319
-0.779935266134
-0.779935266962
-0.779935267801
-0.779935268651
-0.779935269513
-0.779935270386
-0.77993527127
-0.779935272165
-0.779935273071
-0.779935273988
-0.779935274915
-0.779935275853
-0.779935276802
-0.779935277761
-0.77993527873
-0.779935279709
-0.779935280699
-0.779935281698
-0.779935282707
-0.779935283726
-0.779935284754
-0.779935285792
-0.779935286839
-0.779935287895
-0.77993528896
-0.779935290035
-0.779935291118
-0.779935292209
-0.779935293309
-0.779935294418
-0.779935295534
-0.779935296659
-0.779935297792
-0.779935298932
-0.779935300081
-0.779935301236
-0.779935302399
-0.77993530357
-0.779935304747
-0.779935305932
-0.779935307123
-0.779935308321
-0.779935309525
-0.779935310736
-0.779935311953
-0.779935313176
-0.779935314405
-0.77993531564
-0.77993531688
-0.779935318125
-0.779935319376
-0.779935320632
-0.779935321893
-0.779935323159
-0.779935324429
-0.779935325704
-0.779935326983
-0.779935328266
-0.779935329553
-0.779935330844
-0.779935332138
-0.779935333436
-0.779935334737
-0.779935336041
-0.779935337349
-0.779935338659
-0.779935339971
-0.779935341286
-0.779935342604
-0.779935343923
-0.779935345244
-0.779935346567
-0.779935347892
-0.779935349218
-0.779935350545
-0.779935351873
-0.779935353202
-0.779935354532
-0.779935355862
-0.779935357192
-0.779935358523
-0.779935359854
-0.779935361184
-0.779935362514
-0.779935363844
-0.779935365172
-0.7799353665
-0.779935367827
-0.779935369152
-0.779935370476
-0.779935371799
-0.779935373119
-0.779935374438
-0.779935375754
-0.779935377068
-0.77993537838
-0.779935379688
-0.779935380994
-0.779935382297
-0.779935383596
-0.779935384893
-0.779935386185
-0.779935387474
-0.779935388759
-0.779935390039
-0.779935391316
-0.779935392588
-0.779935393855
-0.779935395117
-0.779935396374
-0.779935397627
-0.779935398873
-0.779935400115
-0.77993540135
-0.77993540258
-0.779935403803
-0.779935405021
-0.779935406232
-0.779935407436
-0.779935408634
-0.779935409824
-0.779935411008
-0.779935412184
-0.779935413353
-0.779935414515
-0.779935415668
-0.779935416814
-0.779935417952
-0.779935419081
-0.779935420202
-0.779935421315
-0.779935422418
-0.779935423513
-0.779935424599
-0.779935425676
-0.779935426743
-0.779935427801
-0.779935428849
-0.779935429887
-0.779935430915
-0.779935431933
-0.779935432941
-0.779935433938
-0.779935434925
-0.779935435901
-0.779935436866
-0.77993543782
-0.779935438764
-0.779935439695
-0.779935440615
-0.779935441524
-0.779935442421
-0.779935443306
-0.779935444179
-0.77993544504
-0.779935445889
-0.779935446725
-0.779935447549
-0.77993544836
-0.779935449159
-0.779935449944
-0.779935450716
-0.779935451476
-0.779935452222
-0.779935452954
-0.779935453673
-0.779935454379
-0.77993545507
-0.779935455748
-0.779935456412
-0.779935457062
-0.779935457697
-0.779935458319
-0.779935458925
-0.779935459518
-0.779935460095
-0.779935460658
-0.779935461207
-0.77993546174
-0.779935462258
-0.779935462761
-0.77993546325
-0.779935463722
-0.77993546418
-0.779935464622
-0.779935465048
-0.779935465459
-0.779935465854
-0.779935466233
-0.779935466597
-0.779935466944
-0.779935467276
-0.779935467591
-0.779935467891
-0.779935468174
-0.779935468441
-0.779935468691
-0.779935468925
-0.779935469143
-0.779935469344
-0.779935469529
-0.779935469697
-0.779935469848
-0.779935469983
-0.779935470101
-0.779935470202
-0.779935470286
-0.779935470354
-0.779935470404
-0.779935470437
-0.779935470454
-0.779935470453
-0.779935470436
-0.779935470401
-0.779935470349
-0.77993547028
-0.779935470194
-0.779935470091
-0.77993546997
-0.779935469833
-0.779935469678
-0.779935469506
-0.779935469316
-0.77993546911
-0.779935468886
-0.779935468645
-0.779935468386
-0.77993546811
-0.779935467818
-0.779935467507
-0.77993546718
-0.779935466835
-0.779935466474
-0.779935466095
-0.779935465698
-0.779935465285
-0.779935464855
-0.779935464407
-0.779935463942
-0.779935463461
-0.779935462962
-0.779935462446
-0.779935461913
-0.779935461364
-0.779935460797
-0.779935460214
-0.779935459614
-0.779935458997
-0.779935458363
-0.779935457713
-0.779935457046
-0.779935456362
-0.779935455663
-0.779935454946
-0.779935454213
-0.779935453464
-0.779935452699
-0.779935451918
-0.77993545112
-0.779935450306
-0.779935449477
-0.779935448631
-0.77993544777
-0.779935446893
-0.779935446
-0.779935445092
-0.779935444168
-0.779935443229
-0.779935442275
-0.779935441305
-0.77993544032
-0.77993543932
-0.779935438306
-0.779935437276
-0.779935436232
-0.779935435173
-0.779935434099
-0.779935433011
-0.779935431909
-0.779935430793
-0.779935429662
-0.779935428518
-0.77993542736
-0.779935426188
-0.779935425002
-0.779935423803
-0.779935422591
-0.779935421365
-0.779935420126
-0.779935418875
-0.77993541761
-0.779935416333
-0.779935415043
-0.77993541374
-0.779935412426
-0.779935411099
-0.77993540976
-0.77993540841
-0.779935407047
-0.779935405673
-0.779935404288
-0.779935402891
-0.779935401483
-0.779935400064
-0.779935398635
-0.779935397194
-0.779935395744
-0.779935394282
-0.779935392811
-0.77993539133
-0.779935389838
-0.779935388337
-0.779935386827
-0.779935385307
-0.779935383778
-0.77993538224
-0.779935380693
-0.779935379137
-0.779935377573
-0.779935376001
-0.77993537442
-0.779935372832
-0.779935371235
-0.779935369631
-0.77993536802
-0.779935366401
-0.779935364776
-0.779935363143
-0.779935361504
-0.779935359858
-0.779935358206
-0.779935356548
-0.779935354883
-0.779935353214
-0.779935351538
-0.779935349857
-0.779935348171
-0.77993534648
-0.779935344785
-0.779935343084
-0.77993534138
-0.779935339671
-0.779935337958
-0.779935336242
-0.779935334521
-0.779935332798
-0.779935331071
-0.779935329342
-0.779935327609
-0.779935325874
-0.779935324137
-0.779935322397
-0.779935320656
-0.779935318913
-0.779935317168
-0.779935315422
-0.779935313675
-0.779935311927
-0.779935310178
-0.779935308429
-0.779935306679
-0.77993530493
-0.779935303181
-0.779935301431
-0.779935299683
-0.779935297935
-0.779935296189
-0.779935294443
-0.779935292699
-0.779935290957
-0.779935289216
-0.779935287477
-0.779935285741
-0.779935284007
-0.779935282276
-0.779935280548
-0.779935278822
-0.779935277101
-0.779935275382
-0.779935273668
-0.779935271957
-0.779935270251
-0.779935268549
-0.779935266851
-0.779935265158
-0.779935263471
-0.779935261788
-0.779935260111
-0.77993525844
-0.779935256774
-0.779935255115
-0.779935253462
-0.779935251815
-0.779935250175
-0.779935248542
-0.779935246916
-0.779935245297
-0.779935243686
-0.779935242082
-0.779935240487
-0.779935238899
-0.77993523732
-0.779935235749
-0.779935234187
-0.779935232634
-0.77993523109
-0.779935229556
-0.779935228031
-0.779935226515
-0.77993522501
-0.779935223515
-0.77993522203
-0.779935220555
-0.779935219092
-0.779935217639
-0.779935216197
-0.779935214766
-0.779935213347
-0.77993521194
-0.779935210544
-0.779935209161
-0.779935207789
-0.77993520643
-0.779935205084
-0.77993520375
-0.779935202429
-0.779935201122
-0.779935199827
-0.779935198547
-0.779935197279
-0.779935196026
-0.779935194786
-0.779935193561
-0.77993519235
-0.779935191153
-0.779935189972
-0.779935188805
-0.779935187652
-0.779935186515
-0.779935185394
-0.779935184288
-0.779935183197
-0.779935182122
-0.779935181064
-0.779935180021
-0.779935178994
-0.779935177984
-0.77993517699
-0.779935176013
-0.779935175053
-0.77993517411
-0.779935173184
-0.779935172275
-0.779935171384
-0.77993517051
-0.779935169653
-0.779935168815
-0.779935167994
-0.779935167191
-0.779935166407
-0.779935165641
-0.779935164893
-0.779935164164
-0.779935163453
-0.779935162761
-0.779935162088
-0.779935161434
-0.779935160799
-0.779935160183
-0.779935159587
-0.77993515901
-0.779935158452
-0.779935157914
-0.779935157396
-0.779935156898
-0.779935156419
-0.779935155961
-0.779935155522
-0.779935155104
-0.779935154706
-0.779935154328
-0.779935153971
-0.779935153634
-0.779935153318
-0.779935153022
-0.779935152747
-0.779935152493
-0.779935152259
-0.779935152047
-0.779935151855
-0.779935151685
-0.779935151536
-0.779935151407
-0.7799351513
-0.779935151214
-0.77993515115
-0.779935151107
-0.779935151085
-0.779935151084
-0.779935151105
-0.779935151148
-0.779935151212
-0.779935151298
-0.779935151405
-0.779935151534
-0.779935151684
-0.779935151856
-0.77993515205
-0.779935152265
-0.779935152503
-0.779935152761
-0.779935153042
-0.779935153344
-0.779935153668
-0.779935154014
-0.779935154382
-0.779935154771
-0.779935155182
-0.779935155615
-0.779935156069
-0.779935156546
-0.779935157043
-0.779935157563
-0.779935158104
-0.779935158667
-0.779935159251
-0.779935159857
-0.779935160485
-0.779935161134
-0.779935161804
-0.779935162496
-0.77993516321
-0.779935163944
-0.7799351647
-0.779935165478
-0.779935166276
-0.779935167096
-0.779935167936
-0.779935168798
-0.779935169681
-0.779935170585
-0.779935171509
-0.779935172454
-0.77993517342
-0.779935174407
-0.779935175414
-0.779935176442
-0.77993517749
-0.779935178559
-0.779935179648
-0.779935180757
-0.779935181886
-0.779935183035
-0.779935184204
-0.779935185393
-0.779935186601
-0.779935187829
-0.779935189077
-0.779935190344
-0.77993519163
-0.779935192935
-0.77993519426
-0.779935195603
-0.779935196965
-0.779935198346
-0.779935199746
-0.779935201164
-0.7799352026
-0.779935204055
-0.779935205527
-0.779935207018
-0.779935208526
-0.779935210053
-0.779935211596
-0.779935213157
-0.779935214736
-0.779935216331
-0.779935217943
-0.779935219573
-0.779935221218
-0.779935222881
-0.77993522456
-0.779935226254
-0.779935227965
-0.779935229692
-0.779935231435
-0.779935233193
-0.779935234966
-0.779935236755
-0.779935238559
-0.779935240377
-0.779935242211
-0.779935244058
-0.77993524592
-0.779935247797
-0.779935249687
-0.779935251591
-0.779935253508
-0.779935255439
-0.779935257384
-0.779935259341
-0.779935261311
-0.779935263294
-0.779935265289
-0.779935267296
-0.779935269316
-0.779935271347
-0.77993527339
-0.779935275444
-0.77993527751
-0.779935279586
-0.779935281674
-0.779935283772
-0.77993528588
-0.779935287999
-0.779935290127
-0.779935292265
-0.779935294413
-0.77993529657
-0.779935298736
-0.779935300911
-0.779935303095
-0.779935305287
-0.779935307487
-0.779935309695
-0.779935311911
-0.779935314134
-0.779935316365
-0.779935318603
-0.779935320847
-0.779935323098
-0.779935325355
-0.779935327619
-0.779935329888
-0.779935332163
-0.779935334444
-0.779935336729
-0.779935339019
-0.779935341314
-0.779935343614
-0.779935345917
-0.779935348225
-0.779935350536
-0.779935352851
-0.779935355169
-0.77993535749
-0.779935359813
-0.779935362139
-0.779935364467
-0.779935366797
-0.779935369129
-0.779935371462
-0.779935373796
-0.779935376132
-0.779935378468
-0.779935380804
-0.779935383141
-0.779935385477
-0.779935387814
-0.779935390149
-0.779935392484
-0.779935394818
-0.77993539715
-0.779935399481
-0.77993540181
-0.779935404137
-0.779935406461
-0.779935408783
-0.779935411102
-0.779935413418
-0.77993541573
-0.779935418039
-0.779935420343
-0.779935422644
-0.77993542494
-0.779935427232
-0.779935429518
-0.7799354318
-0.779935434076
-0.779935436346
-0.77993543861
-0.779935440868
-0.77993544312
-0.779935445365
-0.779935447603
-0.779935449833
-0.779935452057
-0.779935454272
-0.779935456479
-0.779935458679
-0.779935460869
-0.779935463051
-0.779935465224
-0.779935467388
-0.779935469542
-0.779935471687
-0.779935473821
-0.779935475945
-0.779935478059
-0.779935480162
-0.779935482254
-0.779935484335
-0.779935486404
-0.779935488462
-0.779935490508
-0.779935492541
-0.779935494562
-0.779935496571
-0.779935498566
-0.779935500549
-0.779935502518
-0.779935504473
-0.779935506414
-0.779935508342
-0.779935510255
-0.779935512154
-0.779935514037
-0.779935515906
-0.77993551776
-0.779935519598
-0.779935521421
-0.779935523227
-0.779935525018
-0.779935526792
-0.779935528549
-0.77993553029
-0.779935532014
-0.779935533721
-0.77993553541
-0.779935537081
-0.779935538735
-0.779935540371
-0.779935541988
-0.779935543587
-0.779935545168
-0.779935546729
-0.779935548271
-0.779935549795
-0.779935551298
-0.779935552782
-0.779935554247
-0.779935555691
-0.779935557115
-0.779935558518
-0.779935559901
-0.779935561264
-0.779935562605
-0.779935563925
-0.779935565224
-0.779935566501
-0.779935567757
-0.77993556899
-0.779935570202
-0.779935571392
-0.779935572559
-0.779935573704
-0.779935574826
-0.779935575925
-0.779935577002
-0.779935578055
-0.779935579085
-0.779935580091
-0.779935581074
-0.779935582033
-0.779935582969
-0.77993558388
-0.779935584767
-0.77993558563
-0.779935586468
-0.779935587282
-0.779935588071
-0.779935588835
-0.779935589575
-0.779935590289
-0.779935590978
-0.779935591642
-0.77993559228
-0.779935592893
-0.77993559348
-0.779935594041
-0.779935594577
-0.779935595087
-0.77993559557
-0.779935596028
-0.779935596459
-0.779935596864
-0.779935597242
-0.779935597594
-0.779935597919
-0.779935598217
-0.779935598489
-0.779935598734
-0.779935598952
-0.779935599143
-0.779935599307
-0.779935599444
-0.779935599553
-0.779935599636
-0.779935599691
-0.779935599718
-0.779935599719
-0.779935599691
-0.779935599637
-0.779935599554
-0.779935599444
-0.779935599307
-0.779935599142
-0.779935598949
-0.779935598728
-0.779935598479
-0.779935598203
-0.779935597899
-0.779935597567
-0.779935597207
-0.77993559682
-0.779935596404
-0.779935595961
-0.77993559549
-0.779935594991
-0.779935594463
-0.779935593909
-0.779935593326
-0.779935592715
-0.779935592076
-0.77993559141
-0.779935590716
-0.779935589994
-0.779935589244
-0.779935588466
-0.779935587661
-0.779935586828
-0.779935585968
-0.779935585079
-0.779935584163
-0.77993558322
-0.779935582249
-0.779935581251
-0.779935580225
-0.779935579172
-0.779935578092
-0.779935576985
-0.77993557585
-0.779935574688
-0.7799355735
-0.779935572284
-0.779935571041
-0.779935569772
-0.779935568476
-0.779935567153
-0.779935565804
-0.779935564429
-0.779935563027
-0.779935561599
-0.779935560144
-0.779935558664
-0.779935557158
-0.779935555625
-0.779935554068
-0.779935552484
-0.779935550875
-0.779935549241
-0.779935547581
-0.779935545896
-0.779935544186
-0.779935542451
-0.779935540692
-0.779935538908
-0.779935537099
-0.779935535266
-0.779935533409
-0.779935531528
-0.779935529623
-0.779935527694
-0.779935525741
-0.779935523765
-0.779935521766
-0.779935519744
-0.779935517698
-0.77993551563
-0.779935513539
-0.779935511426
-0.77993550929
-0.779935507132
-0.779935504953
-0.779935502751
-0.779935500528
-0.779935498284
-0.779935496018
-0.779935493732
-0.779935491424
-0.779935489096
-0.779935486748
-0.779935484379
-0.77993548199
-0.779935479582
-0.779935477153
-0.779935474706
-0.779935472239
-0.779935469753
-0.779935467249
-0.779935464726
-0.779935462184
-0.779935459625
-0.779935457047
-0.779935454452
-0.77993545184
-0.77993544921
-0.779935446564
-0.7799354439
-0.779935441221
-0.779935438525
-0.779935435812
-0.779935433085
-0.779935430341
-0.779935427583
-0.779935424809
-0.779935422021
-0.779935419218
-0.779935416401
-0.779935413569
-0.779935410725
-0.779935407866
-0.779935404995
-0.77993540211
-0.779935399213
-0.779935396303
-0.779935393381
-0.779935390447
-0.779935387502
-0.779935384545
-0.779935381577
-0.779935378599
-0.77993537561
-0.77993537261
-0.779935369601
-0.779935366582
-0.779935363553
-0.779935360516
-0.77993535747
-0.779935354415
-0.779935351352
-0.77993534828
-0.779935345202
-0.779935342116
-0.779935339022
-0.779935335922
-0.779935332816
-0.779935329703
-0.779935326585
-0.779935323461
-0.779935320331
-0.779935317197
-0.779935314058
-0.779935310914
-0.779935307766
-0.779935304615
-0.77993530146
-0.779935298302
-0.779935295141
-0.779935291978
-0.779935288812
-0.779935285644
-0.779935282475
-0.779935279305
-0.779935276133
-0.779935272961
-0.779935269788
-0.779935266615
-0.779935263443
-0.779935260271
-0.7799352571
-0.77993525393
-0.779935250761
-0.779935247595
-0.77993524443
-0.779935241269
-0.779935238109
-0.779935234953
-0.7799352318
-0.779935228651
-0.779935225506
-0.779935222366
-0.77993521923
-0.779935216099
-0.779935212973
-0.779935209853
-0.779935206739
-0.779935203631
-0.77993520053
-0.779935197435
-0.779935194348
-0.779935191268
-0.779935188196
-0.779935185132
-0.779935182077
-0.77993517903
-0.779935175993
-0.779935172965
-0.779935169947
-0.779935166938
-0.77993516394
-0.779935160953
-0.779935157977
-0.779935155012
-0.779935152058
-0.779935149117
-0.779935146187
-0.77993514327
-0.779935140366
-0.779935137475
-0.779935134598
-0.779935131734
-0.779935128884
-0.779935126049
-0.779935123228
-0.779935120423
-0.779935117632
-0.779935114857
-0.779935112098
-0.779935109355
-0.779935106629
-0.779935103919
-0.779935101226
-0.779935098551
-0.779935095893
-0.779935093253
-0.779935090631
-0.779935088028
-0.779935085444
-0.779935082879
-0.779935080333
-0.779935077806
-0.7799350753
-0.779935072813
-0.779935070348
-0.779935067903
-0.779935065478
-0.779935063076
-0.779935060694
-0.779935058335
-0.779935055998
-0.779935053683
-0.77993505139
-0.779935049121
-0.779935046875
-0.779935044652
-0.779935042453
-0.779935040277
-0.779935038126
-0.779935036
-0.779935033898
-0.779935031821
-0.779935029769
-0.779935027742
-0.779935025742
-0.779935023767
-0.779935021818
-0.779935019896
-0.779935018
-0.779935016131
-0.779935014289
-0.779935012475
-0.779935010688
-0.779935008928
-0.779935007197
-0.779935005494
-0.779935003819
-0.779935002173
-0.779935000555
-0.779934998967
-0.779934997408
-0.779934995878
-0.779934994378
-0.779934992908
-0.779934991468
-0.779934990058
-0.779934988679
-0.77993498733
-0.779934986012
-0.779934984725
-0.779934983469
-0.779934982244
-0.779934981051
-0.779934979889
-0.77993497876
-0.779934977662
-0.779934976597
-0.779934975564
-0.779934974563
-0.779934973595
-0.77993497266
-0.779934971758
-0.779934970888
-0.779934970053
-0.77993496925
-0.779934968481
-0.779934967746
-0.779934967044
-0.779934966377
-0.779934965743
-0.779934965144
-0.779934964579
-0.779934964048
-0.779934963552
-0.77993496309
-0.779934962664
-0.779934962272
-0.779934961915
-0.779934961593
-0.779934961306
-0.779934961054
-0.779934960838
-0.779934960657
-0.779934960512
-0.779934960402
-0.779934960328
-0.779934960289
-0.779934960286
-0.77993496032
-0.779934960389
-0.779934960494
-0.779934960635
-0.779934960812
-0.779934961025
-0.779934961275
-0.779934961561
-0.779934961883
-0.779934962241
-0.779934962636
-0.779934963067
-0.779934963534
-0.779934964038
-0.779934964578
-0.779934965155
-0.779934965768
-0.779934966418
-0.779934967104
-0.779934967827
-0.779934968586
-0.779934969381
-0.779934970213
-0.779934971082
-0.779934971987
-0.779934972928
-0.779934973906
-0.779934974921
-0.779934975971
-0.779934977058
-0.779934978181
-0.779934979341
-0.779934980536
-0.779934981768
-0.779934983036
-0.77993498434
-0.779934985681
-0.779934987057
-0.779934988469
-0.779934989916
-0.7799349914
-0.779934992919
-0.779934994474
-0.779934996064
-0.77993499769
-0.779934999351
-0.779935001048
-0.77993500278
-0.779935004546
-0.779935006348
-0.779935008185
-0.779935010056
-0.779935011962
-0.779935013903
-0.779935015878
-0.779935017887
-0.779935019931
-0.779935022009
-0.77993502412
-0.779935026266
-0.779935028445
-0.779935030657
-0.779935032903
-0.779935035183
-0.779935037495
-0.77993503984
-0.779935042218
-0.779935044629
-0.779935047072
-0.779935049547
-0.779935052055
-0.779935054594
-0.779935057166
-0.779935059769
-0.779935062403
-0.779935065068
-0.779935067765
-0.779935070492
-0.77993507325
-0.779935076039
-0.779935078857
-0.779935081706
-0.779935084585
-0.779935087493
-0.779935090431
-0.779935093397
-0.779935096393
-0.779935099418
-0.779935102471
-0.779935105552
-0.779935108662
-0.779935111799
-0.779935114964
-0.779935118156
-0.779935121376
-0.779935124622
-0.779935127895
-0.779935131194
-0.779935134519
-0.77993513787
-0.779935141247
-0.779935144649
-0.779935148076
-0.779935151528
-0.779935155005
-0.779935158506
-0.77993516203
-0.779935165579
-0.779935169151
-0.779935172745
-0.779935176363
-0.779935180004
-0.779935183666
-0.779935187351
-0.779935191057
-0.779935194785
-0.779935198533
-0.779935202303
-0.779935206093
-0.779935209903
-0.779935213732
-0.779935217582
-0.77993522145
-0.779935225338
-0.779935229244
-0.779935233168
-0.77993523711
-0.77993524107
-0.779935245047
-0.779935249041
-0.779935253052
-0.779935257079
-0.779935261122
-0.77993526518
-0.779935269254
-0.779935273342
-0.779935277445
-0.779935281563
-0.779935285694
-0.779935289839
-0.779935293996
-0.779935298167
-0.77993530235
-0.779935306545
-0.779935310752
-0.779935314971
-0.7799353192
-0.77993532344
-0.77993532769
-0.77993533195
-0.77993533622
-0.779935340499
-0.779935344787
-0.779935349083
-0.779935353387
-0.779935357699
-0.779935362018
-0.779935366344
-0.779935370677
-0.779935375015
-0.77993537936
-0.77993538371
-0.779935388065
-0.779935392425
-0.779935396788
-0.779935401156
-0.779935405527
-0.779935409902
-0.779935414279
-0.779935418658
-0.779935423039
-0.779935427422
-0.779935431806
-0.77993543619
-0.779935440575
-0.77993544496
-0.779935449344
-0.779935453728
-0.77993545811
-0.779935462491
-0.779935466869
-0.779935471246
-0.779935475619
-0.779935479989
-0.779935484355
-0.779935488718
-0.779935493076
-0.779935497429
-0.779935501777
-0.779935506119
-0.779935510455
-0.779935514785
-0.779935519108
-0.779935523423
-0.779935527731
-0.779935532031
-0.779935536323
-0.779935540605
-0.779935544879
-0.779935549143
-0.779935553396
-0.779935557639
-0.779935561872
-0.779935566093
-0.779935570302
-0.7799355745
-0.779935578685
-0.779935582857
-0.779935587016
-0.779935591161
-0.779935595292
-0.779935599409
-0.779935603511
-0.779935607598
-0.779935611669
-0.779935615724
-0.779935619762
-0.779935623784
-0.779935627789
-0.779935631776
-0.779935635745
-0.779935639696
-0.779935643628
-0.779935647541
-0.779935651434
-0.779935655308
-0.779935659161
-0.779935662994
-0.779935666805
-0.779935670596
-0.779935674364
-0.77993567811
-0.779935681834
-0.779935685535
-0.779935689212
-0.779935692866
-0.779935696496
-0.779935700101
-0.779935703682
-0.779935707237
-0.779935710767
-0.779935714271
-0.779935717749
-0.779935721201
-0.779935724625
-0.779935728022
-0.779935731392
-0.779935734733
-0.779935738047
-0.779935741331
-0.779935744587
-0.779935747813
-0.77993575101
-0.779935754176
-0.779935757312
-0.779935760418
-0.779935763492
-0.779935766535
-0.779935769547
-0.779935772526
-0.779935775473
-0.779935778387
-0.779935781268
-0.779935784117
-0.779935786931
-0.779935789711
-0.779935792458
-0.779935795169
-0.779935797846
-0.779935800488
-0.779935803094
-0.779935805665
-0.779935808199
-0.779935810698
-0.779935813159
-0.779935815584
-0.779935817971
-0.779935820322
-0.779935822634
-0.779935824908
-0.779935827144
-0.779935829342
-0.779935831501
-0.77993583362
-0.779935835701
-0.779935837741
-0.779935839742
-0.779935841703
-0.779935843623
-0.779935845503
-0.779935847342
-0.779935849141
-0.779935850897
-0.779935852612
-0.779935854286
-0.779935855917
-0.779935857507
-0.779935859054
-0.779935860558
-0.779935862019
-0.779935863438
-0.779935864813
-0.779935866144
-0.779935867432
-0.779935868677
-0.779935869877
-0.779935871033
-0.779935872144
-0.779935873211
-0.779935874233
-0.779935875211
-0.779935876143
-0.77993587703
-0.779935877871
-0.779935878667
-0.779935879417
-0.779935880121
-0.779935880779
-0.779935881391
-0.779935881957
-0.779935882476
-0.779935882949
-0.779935883375
-0.779935883754
-0.779935884086
-0.779935884371
-0.779935884609
-0.779935884799
-0.779935884943
-0.779935885038
-0.779935885086
-0.779935885086
-0.779935885039
-0.779935884944
-0.7799358848
-0.779935884609
-0.77993588437
-0.779935884082
-0.779935883746
-0.779935883362
-0.779935882929
-0.779935882449
-0.779935881919
-0.779935881341
-0.779935880715
-0.77993588004
-0.779935879316
-0.779935878544
-0.779935877723
-0.779935876853
-0.779935875935
-0.779935874968
-0.779935873952
-0.779935872888
-0.779935871775
-0.779935870613
-0.779935869402
-0.779935868143
-0.779935866835
-0.779935865478
-0.779935864073
-0.779935862619
-0.779935861117
-0.779935859566
-0.779935857966
-0.779935856318
-0.779935854622
-0.779935852877
-0.779935851084
-0.779935849243
-0.779935847354
-0.779935845417
-0.779935843431
-0.779935841398
-0.779935839317
-0.779935837188
-0.779935835012
-0.779935832788
-0.779935830516
-0.779935828197
-0.779935825831
-0.779935823418
-0.779935820958
-0.779935818451
-0.779935815897
-0.779935813297
-0.77993581065
-0.779935807957
-0.779935805217
-0.779935802432
-0.779935799601
-0.779935796723
-0.779935793801
-0.779935790832
-0.779935787819
-0.779935784761
-0.779935781657
-0.779935778509
-0.779935775316
-0.779935772079
-0.779935768798
-0.779935765473
-0.779935762104
-0.779935758692
-0.779935755236
-0.779935751737
-0.779935748195
-0.779935744611
-0.779935740984
-0.779935737314
-0.779935733603
-0.77993572985
-0.779935726055
-0.77993572222
-0.779935718343
-0.779935714425
-0.779935710467
-0.779935706468
-0.77993570243
-0.779935698351
-0.779935694233
-0.779935690077
-0.779935685881
-0.779935681646
-0.779935677373
-0.779935673062
-0.779935668714
-0.779935664327
-0.779935659904
-0.779935655444
-0.779935650947
-0.779935646414
-0.779935641845
-0.779935637241
-0.779935632601
-0.779935627926
-0.779935623217
-0.779935618473
-0.779935613695
-0.779935608884
-0.779935604039
-0.779935599161
-0.779935594251
-0.779935589309
-0.779935584335
-0.779935579329
-0.779935574292
-0.779935569224
-0.779935564126
-0.779935558998
-0.77993555384
-0.779935548652
-0.779935543436
-0.779935538191
-0.779935532919
-0.779935527618
-0.77993552229
-0.779935516935
-0.779935511553
-0.779935506146
-0.779935500712
-0.779935495253
-0.77993548977
-0.779935484261
-0.779935478729
-0.779935473173
-0.779935467593
-0.779935461991
-0.779935456366
-0.779935450719
-0.779935445051
-0.779935439361
-0.779935433651
-0.779935427921
-0.779935422171
-0.779935416401
-0.779935410612
-0.779935404805
-0.77993539898
-0.779935393137
-0.779935387277
-0.779935381401
-0.779935375508
-0.7799353696
-0.779935363676
-0.779935357737
-0.779935351784
-0.779935345817
-0.779935339837
-0.779935333844
-0.779935327838
-0.77993532182
-0.779935315791
-0.77993530975
-0.7799353037
-0.779935297639
-0.779935291568
-0.779935285488
-0.7799352794
-0.779935273304
-0.7799352672
-0.779935261088
-0.779935254971
-0.779935248846
-0.779935242717
-0.779935236582
-0.779935230442
-0.779935224299
-0.779935218151
-0.779935212001
-0.779935205848
-0.779935199692
-0.779935193535
-0.779935187377
-0.779935181218
-0.779935175059
-0.779935168901
-0.779935162743
-0.779935156587
-0.779935150432
-0.77993514428
-0.779935138131
-0.779935131986
-0.779935125844
-0.779935119707
-0.779935113575
-0.779935107448
-0.779935101328
-0.779935095214
-0.779935089107
-0.779935083007
-0.779935076916
-0.779935070833
-0.779935064759
-0.779935058695
-0.779935052641
-0.779935046598
-0.779935040566
-0.779935034546
-0.779935028538
-0.779935022542
-0.77993501656
-0.779935010592
-0.779935004637
-0.779934998698
-0.779934992774
-0.779934986866
-0.779934980974
-0.779934975099
-0.779934969242
-0.779934963402
-0.779934957581
-0.779934951778
-0.779934945995
-0.779934940232
-0.77993493449
-0.779934928768
-0.779934923068
-0.779934917389
-0.779934911734
-0.779934906101
-0.779934900491
-0.779934894906
-0.779934889345
-0.779934883809
-0.779934878299
-0.779934872814
-0.779934867356
-0.779934861925
-0.779934856521
-0.779934851146
-0.779934845799
-0.77993484048
-0.779934835192
-0.779934829933
-0.779934824704
-0.779934819506
-0.77993481434
-0.779934809206
-0.779934804103
-0.779934799034
-0.779934793998
-0.779934788996
-0.779934784027
-0.779934779094
-0.779934774196
-0.779934769333
-0.779934764506
-0.779934759716
-0.779934754963
-0.779934750247
-0.779934745569
-0.77993474093
-0.779934736329
-0.779934731768
-0.779934727246
-0.779934722764
-0.779934718323
-0.779934713923
-0.779934709565
-0.779934705248
-0.779934700973
-0.779934696741
-0.779934692553
-0.779934688408
-0.779934684307
-0.77993468025
-0.779934676238
-0.779934672271
-0.77993466835
-0.779934664475
-0.779934660647
-0.779934656865
-0.77993465313
-0.779934649443
-0.779934645804
-0.779934642214
-0.779934638672
-0.779934635179
-0.779934631736
-0.779934628342
-0.779934624999
-0.779934621707
-0.779934618465
-0.779934615275
-0.779934612137
-0.77993460905
-0.779934606016
-0.779934603035
-0.779934600106
-0.779934597231
-0.77993459441
-0.779934591643
-0.77993458893
-0.779934586272
-0.779934583669
-0.779934581121
-0.779934578629
-0.779934576193
-0.779934573813
-0.77993457149
-0.779934569223
-0.779934567014
-0.779934564861
-0.779934562767
-0.779934560731
-0.779934558753
-0.779934556833
-0.779934554972
-0.77993455317
-0.779934551428
-0.779934549745
-0.779934548121
-0.779934546558
-0.779934545055
-0.779934543613
-0.779934542231
-0.77993454091
-0.779934539651
-0.779934538453
-0.779934537316
-0.779934536241
-0.779934535228
-0.779934534278
-0.77993453339
-0.779934532564
-0.779934531801
-0.779934531101
-0.779934530465
-0.779934529891
-0.779934529381
-0.779934528935
-0.779934528552
-0.779934528234
-0.779934527979
-0.779934527789
-0.779934527663
-0.779934527601
-0.779934527604
-0.779934527672
-0.779934527805
-0.779934528003
-0.779934528265
-0.779934528593
-0.779934528986
-0.779934529445
-0.779934529969
-0.779934530559
-0.779934531214
-0.779934531935
-0.779934532721
-0.779934533574
-0.779934534492
-0.779934535476
-0.779934536526
-0.779934537642
-0.779934538825
-0.779934540073
-0.779934541387
-0.779934542768
-0.779934544214
-0.779934545727
-0.779934547306
-0.779934548951
-0.779934550663
-0.77993455244
-0.779934554284
-0.779934556193
-0.779934558169
-0.779934560211
-0.779934562319
-0.779934564492
-0.779934566732
-0.779934569038
-0.779934571409
-0.779934573846
-0.779934576349
-0.779934578918
-0.779934581552
-0.779934584251
-0.779934587016
-0.779934589846
-0.779934592742
-0.779934595702
-0.779934598727
-0.779934601818
-0.779934604972
-0.779934608192
-0.779934611476
-0.779934614824
-0.779934618237
-0.779934621713
-0.779934625254
-0.779934628858
-0.779934632526
-0.779934636257
-0.779934640052
-0.779934643909
-0.77993464783
-0.779934651813
-0.779934655858
-0.779934659966
-0.779934664136
-0.779934668368
-0.779934672662
-0.779934677017
-0.779934681433
-0.77993468591
-0.779934690448
-0.779934695047
-0.779934699706
-0.779934704425
-0.779934709203
-0.779934714041
-0.779934718939
-0.779934723895
-0.77993472891
-0.779934733984
-0.779934739116
-0.779934744305
-0.779934749552
-0.779934754857
-0.779934760218
-0.779934765636
-0.77993477111
-0.779934776641
-0.779934782227
-0.779934787868
-0.779934793565
-0.779934799316
-0.779934805121
-0.779934810981
-0.779934816894
-0.77993482286
-0.779934828879
-0.779934834951
-0.779934841075
-0.779934847251
-0.779934853478
-0.779934859757
-0.779934866085
-0.779934872465
-0.779934878894
-0.779934885372
-0.7799348919
-0.779934898476
-0.7799349051
-0.779934911772
-0.779934918492
-0.779934925258
-0.779934932071
-0.77993493893
-0.779934945835
-0.779934952784
-0.779934959779
-0.779934966817
-0.7799349739
-0.779934981026
-0.779934988194
-0.779934995405
-0.779935002658
-0.779935009953
-0.779935017288
-0.779935024664
-0.77993503208
-0.779935039535
-0.779935047029
-0.779935054562
-0.779935062132
-0.77993506974
-0.779935077385
-0.779935085066
-0.779935092784
-0.779935100536
-0.779935108324
-0.779935116145
-0.779935124001
-0.779935131889
-0.779935139811
-0.779935147764
-0.779935155749
-0.779935163765
-0.779935171812
-0.779935179888
-0.779935187994
-0.779935196128
-0.779935204291
-0.779935212481
-0.779935220699
-0.779935228942
-0.779935237212
-0.779935245507
-0.779935253827
-0.779935262171
-0.779935270538
-0.779935278928
-0.779935287341
-0.779935295775
-0.77993530423
-0.779935312706
-0.779935321202
-0.779935329717
-0.779935338251
-0.779935346803
-0.779935355372
-0.779935363958
-0.77993537256
-0.779935381178
-0.779935389811
-0.779935398458
-0.779935407118
-0.779935415792
-0.779935424478
-0.779935433176
-0.779935441885
-0.779935450604
-0.779935459333
-0.779935468072
-0.779935476819
-0.779935485573
-0.779935494335
-0.779935503104
-0.779935511878
-0.779935520658
-0.779935529442
-0.77993553823
-0.779935547022
-0.779935555816
-0.779935564611
-0.779935573409
-0.779935582206
-0.779935591004
-0.779935599801
-0.779935608597
-0.77993561739
-0.779935626181
-0.779935634968
-0.779935643751
-0.77993565253
-0.779935661303
-0.779935670069
-0.779935678829
-0.779935687582
-0.779935696326
-0.779935705062
-0.779935713788
-0.779935722503
-0.779935731208
-0.779935739901
-0.779935748582
-0.77993575725
-0.779935765905
-0.779935774545
-0.77993578317
-0.77993579178
-0.779935800373
-0.779935808949
-0.779935817508
-0.779935826048
-0.779935834568
-0.77993584307
-0.77993585155
-0.77993586001
-0.779935868448
-0.779935876863
-0.779935885256
-0.779935893624
-0.779935901968
-0.779935910287
-0.779935918579
-0.779935926846
-0.779935935085
-0.779935943296
-0.779935951478
-0.779935959632
-0.779935967755
-0.779935975848
-0.77993598391
-0.77993599194
-0.779935999937
-0.779936007901
-0.779936015831
-0.779936023726
-0.779936031586
-0.779936039411
-0.779936047198
-0.779936054949
-0.779936062662
-0.779936070336
-0.779936077971
-0.779936085566
-0.779936093121
-0.779936100634
-0.779936108106
-0.779936115536
-0.779936122922
-0.779936130265
-0.779936137564
-0.779936144817
-0.779936152025
-0.779936159187
-0.779936166302
-0.77993617337
-0.779936180389
-0.77993618736
-0.779936194281
-0.779936201153
-0.779936207974
-0.779936214744
-0.779936221462
-0.779936228128
-0.779936234741
-0.779936241301
-0.779936247806
-0.779936254257
-0.779936260652
-0.779936266991
-0.779936273274
-0.7799362795
-0.779936285669
-0.779936291779
-0.77993629783
-0.779936303822
-0.779936309754
-0.779936315626
-0.779936321437
-0.779936327186
-0.779936332873
-0.779936338497
-0.779936344059
-0.779936349556
-0.779936354989
-0.779936360358
-0.779936365661
-0.779936370899
-0.77993637607
-0.779936381174
-0.779936386211
-0.77993639118
-0.779936396081
-0.779936400913
-0.779936405675
-0.779936410368
-0.779936414991
-0.779936419542
-0.779936424023
-0.779936428431
-0.779936432768
-0.779936437031
-0.779936441222
-0.779936445339
-0.779936449382
-0.779936453351
-0.779936457245
-0.779936461064
-0.779936464806
-0.779936468473
-0.779936472063
-0.779936475576
-0.779936479012
-0.779936482369
-0.779936485649
-0.77993648885
-0.779936491972
-0.779936495015
-0.779936497978
-0.779936500861
-0.779936503663
-0.779936506384
-0.779936509025
-0.779936511584
-0.77993651406
-0.779936516455
-0.779936518767
-0.779936520997
-0.779936523143
-0.779936525205
-0.779936527184
-0.779936529078
-0.779936530888
-0.779936532614
-0.779936534254
-0.779936535809
-0.779936537278
-0.779936538662
-0.779936539959
-0.77993654117
-0.779936542295
-0.779936543332
-0.779936544283
-0.779936545146
-0.779936545921
-0.779936546609
-0.779936547208
-0.77993654772
-0.779936548142
-0.779936548477
-0.779936548722
-0.779936548878
-0.779936548946
-0.779936548923
-0.779936548811
-0.77993654861
-0.779936548318
-0.779936547937
-0.779936547465
-0.779936546903
-0.779936546251
-0.779936545508
-0.779936544675
-0.77993654375
-0.779936542735
-0.779936541629
-0.779936540431
-0.779936539143
-0.779936537763
-0.779936536292
-0.779936534729
-0.779936533075
-0.77993653133
-0.779936529493
-0.779936527564
-0.779936525544
-0.779936523432
-0.779936521228
-0.779936518933
-0.779936516546
-0.779936514068
-0.779936511497
-0.779936508835
-0.779936506082
-0.779936503237
-0.7799365003
-0.779936497271
-0.779936494151
-0.77993649094
-0.779936487637
-0.779936484243
-0.779936480758
-0.779936477182
-0.779936473514
-0.779936469756
-0.779936465906
-0.779936461966
-0.779936457935
-0.779936453814
-0.779936449602
-0.7799364453
-0.779936440908
-0.779936436425
-0.779936431853
-0.779936427192
-0.77993642244
-0.7799364176
-0.77993641267
-0.779936407651
-0.779936402544
-0.779936397348
-0.779936392063
-0.779936386691
-0.77993638123
-0.779936375682
-0.779936370047
-0.779936364324
-0.779936358514
-0.779936352617
-0.779936346635
-0.779936340565
-0.77993633441
-0.77993632817
-0.779936321844
-0.779936315433
-0.779936308937
-0.779936302357
-0.779936295692
-0.779936288944
-0.779936282113
-0.779936275198
-0.779936268201
-0.779936261121
-0.779936253959
-0.779936246715
-0.77993623939
-0.779936231984
-0.779936224497
-0.77993621693
-0.779936209284
-0.779936201558
-0.779936193753
-0.779936185869
-0.779936177907
-0.779936169867
-0.77993616175
-0.779936153556
-0.779936145286
-0.77993613694
-0.779936128518
-0.779936120021
-0.779936111449
-0.779936102804
-0.779936094084
-0.779936085292
-0.779936076426
-0.779936067489
-0.77993605848
-0.7799360494
-0.779936040249
-0.779936031028
-0.779936021737
-0.779936012378
-0.779936002949
-0.779935993453
-0.77993598389
-0.779935974259
-0.779935964562
-0.7799359548
-0.779935944972
-0.77993593508
-0.779935925124
-0.779935915104
-0.779935905022
-0.779935894877
-0.779935884671
-0.779935874404
-0.779935864076
-0.779935853689
-0.779935843242
-0.779935832737
-0.779935822174
-0.779935811554
-0.779935800878
-0.779935790145
-0.779935779358
-0.779935768515
-0.779935757619
-0.77993574667
-0.779935735668
-0.779935724614
-0.779935713509
-0.779935702354
-0.779935691149
-0.779935679894
-0.779935668592
-0.779935657241
-0.779935645844
-0.779935634401
-0.779935622912
-0.779935611378
-0.7799355998
-0.779935588179
-0.779935576516
-0.779935564811
-0.779935553064
-0.779935541278
-0.779935529452
-0.779935517587
-0.779935505684
-0.779935493744
-0.779935481767
-0.779935469755
-0.779935457708
-0.779935445627
-0.779935433513
-0.779935421366
-0.779935409187
-0.779935396978
-0.779935384738
-0.779935372469
-0.779935360172
-0.779935347847
-0.779935335495
-0.779935323118
-0.779935310715
-0.779935298287
-0.779935285837
-0.779935273363
-0.779935260868
-0.779935248352
-0.779935235815
-0.77993522326
-0.779935210686
-0.779935198094
-0.779935185485
-0.779935172861
-0.779935160222
-0.779935147568
-0.779935134901
-0.779935122222
-0.779935109531
-0.77993509683
-0.779935084119
-0.779935071399
-0.77993505867
-0.779935045935
-0.779935033193
-0.779935020446
-0.779935007695
-0.77993499494
-0.779934982182
-0.779934969422
-0.779934956661
-0.779934943901
-0.779934931141
-0.779934918383
-0.779934905628
-0.779934892876
-0.779934880128
-0.779934867386
-0.779934854651
-0.779934841922
-0.779934829202
-0.77993481649
-0.779934803789
-0.779934791098
-0.779934778419
-0.779934765753
-0.7799347531
-0.779934740462
-0.779934727839
-0.779934715232
-0.779934702643
-0.779934690072
-0.779934677519
-0.779934664987
-0.779934652476
-0.779934639986
-0.779934627519
-0.779934615076
-0.779934602657
-0.779934590264
-0.779934577897
-0.779934565557
-0.779934553246
-0.779934540963
-0.779934528711
-0.77993451649
-0.7799345043
-0.779934492143
-0.77993448002
-0.779934467932
-0.779934455879
-0.779934443862
-0.779934431883
-0.779934419942
-0.77993440804
-0.779934396178
-0.779934384357
-0.779934372578
-0.779934360842
-0.779934349149
-0.779934337501
-0.779934325898
-0.779934314341
-0.779934302832
-0.779934291371
-0.779934279959
-0.779934268597
-0.779934257285
-0.779934246025
-0.779934234818
-0.779934223664
-0.779934212565
-0.77993420152
-0.779934190532
-0.7799341796
-0.779934168727
-0.779934157912
-0.779934147156
-0.779934136461
-0.779934125827
-0.779934115255
-0.779934104746
-0.779934094301
-0.779934083921
-0.779934073606
-0.779934063357
-0.779934053175
-0.779934043061
-0.779934033017
-0.779934023041
)
;

boundaryField
{
    top
    {
        type            darcyGradPressure;
        gradient        uniform -5.07638998572e-06;
        value           uniform -0.779934035732;
    }
    bottom
    {
        type            fixedValue;
        value           uniform 0;
    }
    sides
    {
        type            empty;
    }
}


// ************************************************************************* //
