/*--------------------------------*- C++ -*----------------------------------*\
| =========                 |                                                 |
| \\      /  F ield         | OpenFOAM: The Open Source CFD Toolbox           |
|  \\    /   O peration     | Version:  2406                                  |
|   \\  /    A nd           | Website:  www.openfoam.com                      |
|    \\/     M anipulation  |                                                 |
\*---------------------------------------------------------------------------*/
FoamFile
{
    version     2.0;
    format      ascii;
    arch        "LSB;label=32;scalar=64";
    class       surfaceScalarField;
    location    "159";
    object      phi;
}
// * * * * * * * * * * * * * * * * * * * * * * * * * * * * * * * * * * * * * //

dimensions      [0 3 -1 0 0 0 0];

oriented        oriented;

internalField   nonuniform List<scalar> 
5008
(
-4.75321290303e-09
-4.7532128433e-09
-4.75321279436e-09
-4.75321275094e-09
-4.7532127117e-09
-4.75321267598e-09
-4.75321264341e-09
-4.75321261368e-09
-4.75321258654e-09
-4.75321256179e-09
-4.75321253927e-09
-4.75321251879e-09
-4.75321250017e-09
-4.7532124833e-09
-4.75321246803e-09
-4.75321245424e-09
-4.75321244186e-09
-4.75321243076e-09
-4.75321242088e-09
-4.75321241214e-09
-4.7532124045e-09
-4.75321239786e-09
-4.75321239221e-09
-4.75321238748e-09
-4.75321238365e-09
-4.75321238067e-09
-4.75321237851e-09
-4.75321237716e-09
-4.75321237656e-09
-4.75321237672e-09
-4.75321237761e-09
-4.75321237921e-09
-4.7532123815e-09
-4.75321238448e-09
-4.75321238812e-09
-4.75321239241e-09
-4.75321239735e-09
-4.75321240291e-09
-4.75321240909e-09
-4.75321241587e-09
-4.75321242325e-09
-4.75321243122e-09
-4.75321243976e-09
-4.75321244886e-09
-4.7532124585e-09
-4.75321246869e-09
-4.7532124794e-09
-4.75321249063e-09
-4.75321250235e-09
-4.75321251455e-09
-4.75321252722e-09
-4.75321254035e-09
-4.7532125539e-09
-4.75321256788e-09
-4.75321258225e-09
-4.753212597e-09
-4.75321261211e-09
-4.75321262755e-09
-4.75321264331e-09
-4.75321265936e-09
-4.75321267568e-09
-4.75321269225e-09
-4.75321270903e-09
-4.753212726e-09
-4.75321274314e-09
-4.75321276042e-09
-4.7532127778e-09
-4.75321279527e-09
-4.75321281278e-09
-4.75321283032e-09
-4.75321284785e-09
-4.75321286533e-09
-4.75321288274e-09
-4.75321290005e-09
-4.75321291723e-09
-4.75321293423e-09
-4.75321295104e-09
-4.75321296762e-09
-4.75321298393e-09
-4.75321299996e-09
-4.75321301566e-09
-4.75321303101e-09
-4.75321304597e-09
-4.75321306052e-09
-4.75321307463e-09
-4.75321308827e-09
-4.75321310142e-09
-4.75321311404e-09
-4.75321312612e-09
-4.75321313763e-09
-4.75321314855e-09
-4.75321315885e-09
-4.75321316853e-09
-4.75321317755e-09
-4.75321318591e-09
-4.75321319359e-09
-4.75321320057e-09
-4.75321320685e-09
-4.75321321241e-09
-4.75321321725e-09
-4.75321322136e-09
-4.75321322474e-09
-4.75321322739e-09
-4.7532132293e-09
-4.75321323048e-09
-4.75321323093e-09
-4.75321323066e-09
-4.75321322968e-09
-4.75321322799e-09
-4.75321322562e-09
-4.75321322256e-09
-4.75321321884e-09
-4.75321321448e-09
-4.75321320949e-09
-4.75321320389e-09
-4.75321319772e-09
-4.75321319099e-09
-4.75321318372e-09
-4.75321317596e-09
-4.75321316771e-09
-4.75321315903e-09
-4.75321314992e-09
-4.75321314044e-09
-4.7532131306e-09
-4.75321312045e-09
-4.75321311002e-09
-4.75321309935e-09
-4.75321308846e-09
-4.75321307741e-09
-4.75321306621e-09
-4.75321305492e-09
-4.75321304356e-09
-4.75321303217e-09
-4.7532130208e-09
-4.75321300947e-09
-4.75321299822e-09
-4.75321298709e-09
-4.75321297611e-09
-4.75321296531e-09
-4.75321295473e-09
-4.7532129444e-09
-4.75321293434e-09
-4.7532129246e-09
-4.7532129152e-09
-4.75321290616e-09
-4.7532128975e-09
-4.75321288927e-09
-4.75321288147e-09
-4.75321287412e-09
-4.75321286726e-09
-4.75321286088e-09
-4.75321285502e-09
-4.75321284968e-09
-4.75321284488e-09
-4.75321284062e-09
-4.75321283692e-09
-4.75321283378e-09
-4.75321283121e-09
-4.7532128292e-09
-4.75321282777e-09
-4.75321282691e-09
-4.75321282661e-09
-4.75321282687e-09
-4.7532128277e-09
-4.75321282907e-09
-4.75321283099e-09
-4.75321283343e-09
-4.75321283639e-09
-4.75321283985e-09
-4.7532128438e-09
-4.75321284822e-09
-4.7532128531e-09
-4.7532128584e-09
-4.75321286413e-09
-4.75321287024e-09
-4.75321287673e-09
-4.75321288356e-09
-4.75321289072e-09
-4.75321289817e-09
-4.7532129059e-09
-4.75321291388e-09
-4.75321292208e-09
-4.75321293047e-09
-4.75321293903e-09
-4.75321294774e-09
-4.75321295655e-09
-4.75321296546e-09
-4.75321297443e-09
-4.75321298342e-09
-4.75321299243e-09
-4.75321300142e-09
-4.75321301036e-09
-4.75321301923e-09
-4.753213028e-09
-4.75321303665e-09
-4.75321304516e-09
-4.7532130535e-09
-4.75321306165e-09
-4.75321306959e-09
-4.75321307729e-09
-4.75321308475e-09
-4.75321309193e-09
-4.75321309883e-09
-4.75321310542e-09
-4.75321311169e-09
-4.75321311762e-09
-4.75321312321e-09
-4.75321312843e-09
-4.75321313328e-09
-4.75321313774e-09
-4.75321314182e-09
-4.75321314549e-09
-4.75321314876e-09
-4.75321315161e-09
-4.75321315405e-09
-4.75321315607e-09
-4.75321315767e-09
-4.75321315884e-09
-4.75321315959e-09
-4.75321315992e-09
-4.75321315983e-09
-4.75321315933e-09
-4.75321315841e-09
-4.75321315709e-09
-4.75321315537e-09
-4.75321315326e-09
-4.75321315076e-09
-4.75321314789e-09
-4.75321314465e-09
-4.75321314106e-09
-4.75321313713e-09
-4.75321313287e-09
-4.75321312829e-09
-4.7532131234e-09
-4.75321311823e-09
-4.75321311278e-09
-4.75321310707e-09
-4.75321310111e-09
-4.75321309492e-09
-4.75321308853e-09
-4.75321308193e-09
-4.75321307515e-09
-4.75321306822e-09
-4.75321306113e-09
-4.75321305392e-09
-4.7532130466e-09
-4.75321303918e-09
-4.75321303169e-09
-4.75321302414e-09
-4.75321301654e-09
-4.75321300893e-09
-4.75321300131e-09
-4.75321299369e-09
-4.75321298611e-09
-4.75321297857e-09
-4.75321297108e-09
-4.75321296368e-09
-4.75321295636e-09
-4.75321294915e-09
-4.75321294206e-09
-4.75321293511e-09
-4.7532129283e-09
-4.75321292166e-09
-4.7532129152e-09
-4.75321290892e-09
-4.75321290284e-09
-4.75321289698e-09
-4.75321289133e-09
-4.75321288592e-09
-4.75321288075e-09
-4.75321287583e-09
-4.75321287117e-09
-4.75321286678e-09
-4.75321286267e-09
-4.75321285883e-09
-4.75321285528e-09
-4.75321285202e-09
-4.75321284906e-09
-4.75321284641e-09
-4.75321284405e-09
-4.75321284201e-09
-4.75321284027e-09
-4.75321283884e-09
-4.75321283773e-09
-4.75321283693e-09
-4.75321283644e-09
-4.75321283626e-09
-4.7532128364e-09
-4.75321283684e-09
-4.75321283758e-09
-4.75321283863e-09
-4.75321283998e-09
-4.75321284163e-09
-4.75321284356e-09
-4.75321284578e-09
-4.75321284828e-09
-4.75321285105e-09
-4.75321285409e-09
-4.75321285739e-09
-4.75321286094e-09
-4.75321286474e-09
-4.75321286878e-09
-4.75321287305e-09
-4.75321287754e-09
-4.75321288224e-09
-4.75321288714e-09
-4.75321289224e-09
-4.75321289752e-09
-4.75321290297e-09
-4.75321290859e-09
-4.75321291437e-09
-4.75321292028e-09
-4.75321292633e-09
-4.7532129325e-09
-4.75321293878e-09
-4.75321294516e-09
-4.75321295163e-09
-4.75321295818e-09
-4.75321296479e-09
-4.75321297147e-09
-4.75321297818e-09
-4.75321298493e-09
-4.75321299171e-09
-4.75321299849e-09
-4.75321300528e-09
-4.75321301206e-09
-4.75321301882e-09
-4.75321302555e-09
-4.75321303223e-09
-4.75321303887e-09
-4.75321304544e-09
-4.75321305195e-09
-4.75321305837e-09
-4.7532130647e-09
-4.75321307094e-09
-4.75321307706e-09
-4.75321308307e-09
-4.75321308896e-09
-4.75321309471e-09
-4.75321310031e-09
-4.75321310577e-09
-4.75321311107e-09
-4.75321311621e-09
-4.75321312117e-09
-4.75321312596e-09
-4.75321313056e-09
-4.75321313498e-09
-4.7532131392e-09
-4.75321314321e-09
-4.75321314703e-09
-4.75321315063e-09
-4.75321315401e-09
-4.75321315718e-09
-4.75321316013e-09
-4.75321316285e-09
-4.75321316534e-09
-4.7532131676e-09
-4.75321316963e-09
-4.75321317142e-09
-4.75321317298e-09
-4.7532131743e-09
-4.75321317537e-09
-4.75321317621e-09
-4.75321317681e-09
-4.75321317717e-09
-4.75321317729e-09
-4.75321317717e-09
-4.75321317681e-09
-4.75321317622e-09
-4.75321317539e-09
-4.75321317433e-09
-4.75321317303e-09
-4.75321317151e-09
-4.75321316976e-09
-4.75321316779e-09
-4.7532131656e-09
-4.7532131632e-09
-4.75321316058e-09
-4.75321315776e-09
-4.75321315473e-09
-4.7532131515e-09
-4.75321314808e-09
-4.75321314447e-09
-4.75321314067e-09
-4.75321313669e-09
-4.75321313254e-09
-4.75321312823e-09
-4.75321312375e-09
-4.75321311911e-09
-4.75321311433e-09
-4.7532131094e-09
-4.75321310433e-09
-4.75321309913e-09
-4.75321309381e-09
-4.75321308837e-09
-4.75321308283e-09
-4.75321307717e-09
-4.75321307143e-09
-4.75321306559e-09
-4.75321305967e-09
-4.75321305368e-09
-4.75321304761e-09
-4.75321304149e-09
-4.75321303532e-09
-4.7532130291e-09
-4.75321302284e-09
-4.75321301655e-09
-4.75321301024e-09
-4.75321300391e-09
-4.75321299757e-09
-4.75321299123e-09
-4.75321298489e-09
-4.75321297857e-09
-4.75321297227e-09
-4.75321296599e-09
-4.75321295975e-09
-4.75321295355e-09
-4.7532129474e-09
-4.7532129413e-09
-4.75321293526e-09
-4.75321292929e-09
-4.75321292339e-09
-4.75321291757e-09
-4.75321291184e-09
-4.7532129062e-09
-4.75321290066e-09
-4.75321289522e-09
-4.75321288989e-09
-4.75321288468e-09
-4.75321287958e-09
-4.75321287462e-09
-4.75321286978e-09
-4.75321286507e-09
-4.75321286051e-09
-4.75321285609e-09
-4.75321285182e-09
-4.7532128477e-09
-4.75321284374e-09
-4.75321283994e-09
-4.75321283631e-09
-4.75321283284e-09
-4.75321282954e-09
-4.75321282641e-09
-4.75321282347e-09
-4.7532128207e-09
-4.75321281811e-09
-4.75321281571e-09
-4.75321281349e-09
-4.75321281146e-09
-4.75321280962e-09
-4.75321280797e-09
-4.75321280651e-09
-4.75321280524e-09
-4.75321280417e-09
-4.7532128033e-09
-4.75321280262e-09
-4.75321280213e-09
-4.75321280184e-09
-4.75321280174e-09
-4.75321280184e-09
-4.75321280214e-09
-4.75321280263e-09
-4.75321280331e-09
-4.75321280418e-09
-4.75321280525e-09
-4.7532128065e-09
-4.75321280794e-09
-4.75321280957e-09
-4.75321281138e-09
-4.75321281338e-09
-4.75321281555e-09
-4.75321281791e-09
-4.75321282043e-09
-4.75321282313e-09
-4.753212826e-09
-4.75321282904e-09
-4.75321283224e-09
-4.7532128356e-09
-4.75321283912e-09
-4.75321284279e-09
-4.75321284661e-09
-4.75321285057e-09
-4.75321285468e-09
-4.75321285893e-09
-4.75321286331e-09
-4.75321286782e-09
-4.75321287245e-09
-4.75321287721e-09
-4.75321288208e-09
-4.75321288707e-09
-4.75321289216e-09
-4.75321289735e-09
-4.75321290265e-09
-4.75321290803e-09
-4.75321291351e-09
-4.75321291907e-09
-4.7532129247e-09
-4.75321293041e-09
-4.75321293619e-09
-4.75321294203e-09
-4.75321294793e-09
-4.75321295388e-09
-4.75321295987e-09
-4.75321296591e-09
-4.75321297199e-09
-4.75321297809e-09
-4.75321298423e-09
-4.75321299038e-09
-4.75321299655e-09
-4.75321300273e-09
-4.75321300892e-09
-4.7532130151e-09
-4.75321302128e-09
-4.75321302745e-09
-4.7532130336e-09
-4.75321303973e-09
-4.75321304584e-09
-4.75321305191e-09
-4.75321305795e-09
-4.75321306395e-09
-4.7532130699e-09
-4.7532130758e-09
-4.75321308165e-09
-4.75321308743e-09
-4.75321309315e-09
-4.7532130988e-09
-4.75321310438e-09
-4.75321310987e-09
-4.75321311529e-09
-4.75321312062e-09
-4.75321312585e-09
-4.75321313099e-09
-4.75321313603e-09
-4.75321314097e-09
-4.7532131458e-09
-4.75321315052e-09
-4.75321315512e-09
-4.75321315961e-09
-4.75321316397e-09
-4.75321316821e-09
-4.75321317232e-09
-4.7532131763e-09
-4.75321318014e-09
-4.75321318385e-09
-4.75321318742e-09
-4.75321319085e-09
-4.75321319413e-09
-4.75321319726e-09
-4.75321320025e-09
-4.75321320308e-09
-4.75321320576e-09
-4.75321320828e-09
-4.75321321064e-09
-4.75321321285e-09
-4.7532132149e-09
-4.75321321678e-09
-4.7532132185e-09
-4.75321322006e-09
-4.75321322145e-09
-4.75321322267e-09
-4.75321322373e-09
-4.75321322462e-09
-4.75321322534e-09
-4.75321322589e-09
-4.75321322627e-09
-4.75321322648e-09
-4.75321322653e-09
-4.75321322641e-09
-4.75321322611e-09
-4.75321322565e-09
-4.75321322502e-09
-4.75321322423e-09
-4.75321322327e-09
-4.75321322214e-09
-4.75321322084e-09
-4.75321321939e-09
-4.75321321777e-09
-4.75321321599e-09
-4.75321321405e-09
-4.75321321195e-09
-4.7532132097e-09
-4.75321320729e-09
-4.75321320473e-09
-4.75321320201e-09
-4.75321319915e-09
-4.75321319614e-09
-4.75321319299e-09
-4.75321318969e-09
-4.75321318626e-09
-4.75321318269e-09
-4.75321317898e-09
-4.75321317514e-09
-4.75321317117e-09
-4.75321316708e-09
-4.75321316286e-09
-4.75321315852e-09
-4.75321315407e-09
-4.7532131495e-09
-4.75321314482e-09
-4.75321314003e-09
-4.75321313514e-09
-4.75321313015e-09
-4.75321312506e-09
-4.75321311988e-09
-4.7532131146e-09
-4.75321310924e-09
-4.7532131038e-09
-4.75321309828e-09
-4.75321309269e-09
-4.75321308702e-09
-4.75321308128e-09
-4.75321307549e-09
-4.75321306963e-09
-4.75321306372e-09
-4.75321305775e-09
-4.75321305174e-09
-4.75321304568e-09
-4.75321303959e-09
-4.75321303346e-09
-4.75321302729e-09
-4.7532130211e-09
-4.75321301489e-09
-4.75321300866e-09
-4.75321300241e-09
-4.75321299616e-09
-4.75321298989e-09
-4.75321298362e-09
-4.75321297736e-09
-4.7532129711e-09
-4.75321296485e-09
-4.75321295861e-09
-4.75321295239e-09
-4.7532129462e-09
-4.75321294003e-09
-4.75321293388e-09
-4.75321292778e-09
-4.75321292171e-09
-4.75321291568e-09
-4.75321290969e-09
-4.75321290376e-09
-4.75321289787e-09
-4.75321289205e-09
-4.75321288628e-09
-4.75321288058e-09
-4.75321287495e-09
-4.75321286938e-09
-4.75321286389e-09
-4.75321285848e-09
-4.75321285315e-09
-4.7532128479e-09
-4.75321284274e-09
-4.75321283768e-09
-4.7532128327e-09
-4.75321282783e-09
-4.75321282305e-09
-4.75321281837e-09
-4.75321281381e-09
-4.75321280935e-09
-4.753212805e-09
-4.75321280076e-09
-4.75321279664e-09
-4.75321279264e-09
-4.75321278877e-09
-4.75321278501e-09
-4.75321278138e-09
-4.75321277788e-09
-4.75321277451e-09
-4.75321277127e-09
-4.75321276817e-09
-4.7532127652e-09
-4.75321276237e-09
-4.75321275968e-09
-4.75321275713e-09
-4.75321275472e-09
-4.75321275245e-09
-4.75321275033e-09
-4.75321274836e-09
-4.75321274653e-09
-4.75321274485e-09
-4.75321274333e-09
-4.75321274195e-09
-4.75321274072e-09
-4.75321273965e-09
-4.75321273872e-09
-4.75321273795e-09
-4.75321273734e-09
-4.75321273687e-09
-4.75321273656e-09
-4.75321273641e-09
-4.75321273641e-09
-4.75321273656e-09
-4.75321273687e-09
-4.75321273733e-09
-4.75321273794e-09
-4.75321273871e-09
-4.75321273963e-09
-4.7532127407e-09
-4.75321274192e-09
-4.75321274329e-09
-4.75321274482e-09
-4.75321274649e-09
-4.75321274831e-09
-4.75321275028e-09
-4.75321275239e-09
-4.75321275465e-09
-4.75321275705e-09
-4.75321275959e-09
-4.75321276227e-09
-4.75321276509e-09
-4.75321276805e-09
-4.75321277115e-09
-4.75321277438e-09
-4.75321277774e-09
-4.75321278123e-09
-4.75321278485e-09
-4.7532127886e-09
-4.75321279247e-09
-4.75321279646e-09
-4.75321280057e-09
-4.7532128048e-09
-4.75321280914e-09
-4.7532128136e-09
-4.75321281817e-09
-4.75321282284e-09
-4.75321282762e-09
-4.75321283251e-09
-4.75321283749e-09
-4.75321284257e-09
-4.75321284775e-09
-4.75321285301e-09
-4.75321285837e-09
-4.75321286381e-09
-4.75321286933e-09
-4.75321287494e-09
-4.75321288062e-09
-4.75321288638e-09
-4.7532128922e-09
-4.75321289809e-09
-4.75321290405e-09
-4.75321291007e-09
-4.75321291615e-09
-4.75321292228e-09
-4.75321292847e-09
-4.7532129347e-09
-4.75321294098e-09
-4.7532129473e-09
-4.75321295366e-09
-4.75321296005e-09
-4.75321296647e-09
-4.75321297293e-09
-4.7532129794e-09
-4.7532129859e-09
-4.75321299242e-09
-4.75321299895e-09
-4.7532130055e-09
-4.75321301205e-09
-4.7532130186e-09
-4.75321302516e-09
-4.75321303172e-09
-4.75321303827e-09
-4.75321304481e-09
-4.75321305133e-09
-4.75321305784e-09
-4.75321306434e-09
-4.75321307081e-09
-4.75321307725e-09
-4.75321308367e-09
-4.75321309005e-09
-4.7532130964e-09
-4.75321310271e-09
-4.75321310897e-09
-4.75321311519e-09
-4.75321312137e-09
-4.75321312749e-09
-4.75321313355e-09
-4.75321313956e-09
-4.75321314551e-09
-4.75321315139e-09
-4.75321315721e-09
-4.75321316296e-09
-4.75321316863e-09
-4.75321317423e-09
-4.75321317975e-09
-4.75321318519e-09
-4.75321319055e-09
-4.75321319582e-09
-4.753213201e-09
-4.75321320609e-09
-4.75321321108e-09
-4.75321321598e-09
-4.75321322078e-09
-4.75321322547e-09
-4.75321323007e-09
-4.75321323456e-09
-4.75321323893e-09
-4.7532132432e-09
-4.75321324736e-09
-4.7532132514e-09
-4.75321325532e-09
-4.75321325913e-09
-4.75321326282e-09
-4.75321326638e-09
-4.75321326982e-09
-4.75321327313e-09
-4.75321327632e-09
-4.75321327937e-09
-4.7532132823e-09
-4.7532132851e-09
-4.75321328776e-09
-4.75321329028e-09
-4.75321329268e-09
-4.75321329493e-09
-4.75321329704e-09
-4.75321329902e-09
-4.75321330086e-09
-4.75321330255e-09
-4.75321330411e-09
-4.75321330552e-09
-4.75321330678e-09
-4.75321330791e-09
-4.75321330889e-09
-4.75321330972e-09
-4.75321331041e-09
-4.75321331095e-09
-4.75321331135e-09
-4.7532133116e-09
-4.7532133117e-09
-4.75321331166e-09
-4.75321331146e-09
-4.75321331113e-09
-4.75321331064e-09
-4.75321331001e-09
-4.75321330924e-09
-4.75321330832e-09
-4.75321330725e-09
-4.75321330604e-09
-4.75321330468e-09
-4.75321330318e-09
-4.75321330153e-09
-4.75321329975e-09
-4.75321329782e-09
-4.75321329575e-09
-4.75321329354e-09
-4.75321329119e-09
-4.7532132887e-09
-4.75321328608e-09
-4.75321328332e-09
-4.75321328043e-09
-4.7532132774e-09
-4.75321327424e-09
-4.75321327095e-09
-4.75321326753e-09
-4.75321326398e-09
-4.75321326031e-09
-4.75321325651e-09
-4.75321325259e-09
-4.75321324855e-09
-4.75321324439e-09
-4.75321324011e-09
-4.75321323571e-09
-4.75321323121e-09
-4.75321322659e-09
-4.75321322186e-09
-4.75321321702e-09
-4.75321321207e-09
-4.75321320703e-09
-4.75321320188e-09
-4.75321319663e-09
-4.75321319129e-09
-4.75321318585e-09
-4.75321318032e-09
-4.7532131747e-09
-4.75321316899e-09
-4.7532131632e-09
-4.75321315732e-09
-4.75321315137e-09
-4.75321314534e-09
-4.75321313923e-09
-4.75321313305e-09
-4.75321312681e-09
-4.75321312049e-09
-4.75321311412e-09
-4.75321310768e-09
-4.75321310118e-09
-4.75321309463e-09
-4.75321308802e-09
-4.75321308137e-09
-4.75321307466e-09
-4.75321306792e-09
-4.75321306113e-09
-4.7532130543e-09
-4.75321304744e-09
-4.75321304054e-09
-4.75321303362e-09
-4.75321302667e-09
-4.75321301969e-09
-4.7532130127e-09
-4.75321300568e-09
-4.75321299866e-09
-4.75321299161e-09
-4.75321298457e-09
-4.75321297751e-09
-4.75321297045e-09
-4.75321296339e-09
-4.75321295634e-09
-4.75321294929e-09
-4.75321294225e-09
-4.75321293522e-09
-4.75321292821e-09
-4.75321292121e-09
-4.75321291424e-09
-4.75321290728e-09
-4.75321290036e-09
-4.75321289346e-09
-4.7532128866e-09
-4.75321287977e-09
-4.75321287299e-09
-4.75321286624e-09
-4.75321285953e-09
-4.75321285287e-09
-4.75321284627e-09
-4.75321283971e-09
-4.75321283321e-09
-4.75321282676e-09
-4.75321282038e-09
-4.75321281406e-09
-4.7532128078e-09
-4.75321280162e-09
-4.7532127955e-09
-4.75321278946e-09
-4.75321278349e-09
-4.7532127776e-09
-4.75321277179e-09
-4.75321276607e-09
-4.75321276043e-09
-4.75321275487e-09
-4.75321274941e-09
-4.75321274404e-09
-4.75321273877e-09
-4.75321273359e-09
-4.75321272851e-09
-4.75321272353e-09
-4.75321271866e-09
-4.75321271389e-09
-4.75321270922e-09
-4.75321270467e-09
-4.75321270022e-09
-4.75321269589e-09
-4.75321269168e-09
-4.75321268758e-09
-4.7532126836e-09
-4.75321267974e-09
-4.753212676e-09
-4.75321267238e-09
-4.75321266888e-09
-4.75321266552e-09
-4.75321266228e-09
-4.75321265916e-09
-4.75321265618e-09
-4.75321265333e-09
-4.75321265061e-09
-4.75321264803e-09
-4.75321264558e-09
-4.75321264326e-09
-4.75321264108e-09
-4.75321263904e-09
-4.75321263714e-09
-4.75321263538e-09
-4.75321263376e-09
-4.75321263227e-09
-4.75321263093e-09
-4.75321262973e-09
-4.75321262868e-09
-4.75321262777e-09
-4.753212627e-09
-4.75321262637e-09
-4.75321262589e-09
-4.75321262555e-09
-4.75321262536e-09
-4.75321262532e-09
-4.75321262541e-09
-4.75321262566e-09
-4.75321262605e-09
-4.75321262658e-09
-4.75321262726e-09
-4.75321262808e-09
-4.75321262905e-09
-4.75321263016e-09
-4.75321263142e-09
-4.75321263282e-09
-4.75321263436e-09
-4.75321263605e-09
-4.75321263787e-09
-4.75321263984e-09
-4.75321264195e-09
-4.7532126442e-09
-4.75321264659e-09
-4.75321264912e-09
-4.75321265179e-09
-4.75321265459e-09
-4.75321265753e-09
-4.75321266061e-09
-4.75321266381e-09
-4.75321266715e-09
-4.75321267063e-09
-4.75321267423e-09
-4.75321267796e-09
-4.75321268182e-09
-4.7532126858e-09
-4.75321268991e-09
-4.75321269415e-09
-4.7532126985e-09
-4.75321270298e-09
-4.75321270758e-09
-4.75321271229e-09
-4.75321271712e-09
-4.75321272206e-09
-4.75321272712e-09
-4.75321273228e-09
-4.75321273756e-09
-4.75321274294e-09
-4.75321274843e-09
-4.75321275402e-09
-4.75321275971e-09
-4.7532127655e-09
-4.75321277138e-09
-4.75321277736e-09
-4.75321278344e-09
-4.7532127896e-09
-4.75321279586e-09
-4.75321280219e-09
-4.75321280862e-09
-4.75321281512e-09
-4.75321282171e-09
-4.75321282837e-09
-4.75321283511e-09
-4.75321284191e-09
-4.75321284879e-09
-4.75321285574e-09
-4.75321286275e-09
-4.75321286982e-09
-4.75321287696e-09
-4.75321288415e-09
-4.7532128914e-09
-4.7532128987e-09
-4.75321290604e-09
-4.75321291344e-09
-4.75321292088e-09
-4.75321292837e-09
-4.75321293589e-09
-4.75321294345e-09
-4.75321295104e-09
-4.75321295867e-09
-4.75321296632e-09
-4.753212974e-09
-4.75321298171e-09
-4.75321298943e-09
-4.75321299717e-09
-4.75321300493e-09
-4.7532130127e-09
-4.75321302048e-09
-4.75321302827e-09
-4.75321303606e-09
-4.75321304385e-09
-4.75321305164e-09
-4.75321305943e-09
-4.75321306721e-09
-4.75321307499e-09
-4.75321308275e-09
-4.75321309049e-09
-4.75321309822e-09
-4.75321310593e-09
-4.75321311362e-09
-4.75321312128e-09
-4.75321312891e-09
-4.75321313651e-09
-4.75321314408e-09
-4.75321315161e-09
-4.7532131591e-09
-4.75321316655e-09
-4.75321317396e-09
-4.75321318132e-09
-4.75321318863e-09
-4.75321319589e-09
-4.75321320309e-09
-4.75321321024e-09
-4.75321321733e-09
-4.75321322436e-09
-4.75321323132e-09
-4.75321323822e-09
-4.75321324505e-09
-4.7532132518e-09
-4.75321325848e-09
-4.75321326509e-09
-4.75321327162e-09
-4.75321327806e-09
-4.75321328443e-09
-4.75321329071e-09
-4.7532132969e-09
-4.753213303e-09
-4.75321330901e-09
-4.75321331492e-09
-4.75321332074e-09
-4.75321332646e-09
-4.75321333209e-09
-4.75321333761e-09
-4.75321334302e-09
-4.75321334833e-09
-4.75321335354e-09
-4.75321335863e-09
-4.75321336361e-09
-4.75321336848e-09
-4.75321337323e-09
-4.75321337787e-09
-4.75321338239e-09
-4.75321338679e-09
-4.75321339107e-09
-4.75321339522e-09
-4.75321339926e-09
-4.75321340316e-09
-4.75321340694e-09
-4.75321341059e-09
-4.75321341411e-09
-4.7532134175e-09
-4.75321342076e-09
-4.75321342388e-09
-4.75321342687e-09
-4.75321342972e-09
-4.75321343244e-09
-4.75321343501e-09
-4.75321343745e-09
-4.75321343975e-09
-4.75321344191e-09
-4.75321344393e-09
-4.7532134458e-09
-4.75321344754e-09
-4.75321344912e-09
-4.75321345057e-09
-4.75321345187e-09
-4.75321345302e-09
-4.75321345403e-09
-4.75321345489e-09
-4.7532134556e-09
-4.75321345617e-09
-4.75321345659e-09
-4.75321345686e-09
-4.75321345699e-09
-4.75321345696e-09
-4.75321345679e-09
-4.75321345647e-09
-4.753213456e-09
-4.75321345538e-09
-4.75321345462e-09
-4.7532134537e-09
-4.75321345264e-09
-4.75321345143e-09
-4.75321345007e-09
-4.75321344856e-09
-4.75321344691e-09
-4.75321344511e-09
-4.75321344317e-09
-4.75321344108e-09
-4.75321343884e-09
-4.75321343646e-09
-4.75321343394e-09
-4.75321343127e-09
-4.75321342846e-09
-4.75321342551e-09
-4.75321342241e-09
-4.75321341918e-09
-4.75321341581e-09
-4.75321341229e-09
-4.75321340865e-09
-4.75321340486e-09
-4.75321340094e-09
-4.75321339689e-09
-4.7532133927e-09
-4.75321338838e-09
-4.75321338393e-09
-4.75321337935e-09
-4.75321337464e-09
-4.75321336981e-09
-4.75321336485e-09
-4.75321335977e-09
-4.75321335456e-09
-4.75321334923e-09
-4.75321334379e-09
-4.75321333822e-09
-4.75321333254e-09
-4.75321332675e-09
-4.75321332084e-09
-4.75321331482e-09
-4.75321330869e-09
-4.75321330246e-09
-4.75321329612e-09
-4.75321328967e-09
-4.75321328312e-09
-4.75321327648e-09
-4.75321326973e-09
-4.75321326289e-09
-4.75321325595e-09
-4.75321324892e-09
-4.7532132418e-09
-4.7532132346e-09
-4.7532132273e-09
-4.75321321993e-09
-4.75321321247e-09
-4.75321320493e-09
-4.75321319732e-09
-4.75321318963e-09
-4.75321318187e-09
-4.75321317403e-09
-4.75321316613e-09
-4.75321315817e-09
-4.75321315014e-09
-4.75321314205e-09
-4.7532131339e-09
-4.75321312569e-09
-4.75321311743e-09
-4.75321310912e-09
-4.75321310076e-09
-4.75321309235e-09
-4.7532130839e-09
-4.75321307541e-09
-4.75321306688e-09
-4.75321305831e-09
-4.75321304971e-09
-4.75321304108e-09
-4.75321303242e-09
-4.75321302373e-09
-4.75321301502e-09
-4.75321300628e-09
-4.75321299753e-09
-4.75321298876e-09
-4.75321297998e-09
-4.75321297119e-09
-4.75321296239e-09
-4.75321295359e-09
-4.75321294478e-09
-4.75321293597e-09
-4.75321292716e-09
-4.75321291836e-09
-4.75321290957e-09
-4.75321290078e-09
-4.75321289201e-09
-4.75321288325e-09
-4.75321287451e-09
-4.7532128658e-09
-4.7532128571e-09
-4.75321284843e-09
-4.75321283979e-09
-4.75321283118e-09
-4.7532128226e-09
-4.75321281406e-09
-4.75321280556e-09
-4.75321279709e-09
-4.75321278868e-09
-4.7532127803e-09
-4.75321277198e-09
-4.7532127637e-09
-4.75321275548e-09
-4.75321274732e-09
-4.75321273921e-09
-4.75321273116e-09
-4.75321272318e-09
-4.75321271526e-09
-4.75321270741e-09
-4.75321269963e-09
-4.75321269192e-09
-4.75321268429e-09
-4.75321267673e-09
-4.75321266926e-09
-4.75321266186e-09
-4.75321265455e-09
-4.75321264732e-09
-4.75321264019e-09
-4.75321263314e-09
-4.75321262618e-09
-4.75321261932e-09
-4.75321261255e-09
-4.75321260589e-09
-4.75321259932e-09
-4.75321259286e-09
-4.7532125865e-09
-4.75321258024e-09
-4.7532125741e-09
-4.75321256806e-09
-4.75321256214e-09
-4.75321255633e-09
-4.75321255064e-09
-4.75321254506e-09
-4.7532125396e-09
-4.75321253427e-09
-4.75321252905e-09
-4.75321252396e-09
-4.753212519e-09
-4.75321251416e-09
-4.75321250945e-09
-4.75321250487e-09
-4.75321250042e-09
-4.7532124961e-09
-4.75321249192e-09
-4.75321248787e-09
-4.75321248396e-09
-4.75321248019e-09
-4.75321247655e-09
-4.75321247306e-09
-4.75321246971e-09
-4.7532124665e-09
-4.75321246343e-09
-4.75321246051e-09
-4.75321245774e-09
-4.75321245511e-09
-4.75321245262e-09
-4.75321245029e-09
-4.75321244811e-09
-4.75321244607e-09
-4.75321244419e-09
-4.75321244245e-09
-4.75321244087e-09
-4.75321243944e-09
-4.75321243816e-09
-4.75321243704e-09
-4.75321243607e-09
-4.75321243526e-09
-4.7532124346e-09
-4.75321243409e-09
-4.75321243375e-09
-4.75321243355e-09
-4.75321243352e-09
-4.75321243363e-09
-4.75321243391e-09
-4.75321243434e-09
-4.75321243493e-09
-4.75321243567e-09
-4.75321243658e-09
-4.75321243763e-09
-4.75321243885e-09
-4.75321244022e-09
-4.75321244174e-09
-4.75321244342e-09
-4.75321244526e-09
-4.75321244725e-09
-4.7532124494e-09
-4.7532124517e-09
-4.75321245415e-09
-4.75321245676e-09
-4.75321245952e-09
-4.75321246243e-09
-4.7532124655e-09
-4.75321246871e-09
-4.75321247208e-09
-4.75321247559e-09
-4.75321247926e-09
-4.75321248307e-09
-4.75321248703e-09
-4.75321249113e-09
-4.75321249538e-09
-4.75321249978e-09
-4.75321250431e-09
-4.75321250899e-09
-4.75321251381e-09
-4.75321251878e-09
-4.75321252387e-09
-4.75321252911e-09
-4.75321253449e-09
-4.75321253999e-09
-4.75321254564e-09
-4.75321255141e-09
-4.75321255732e-09
-4.75321256335e-09
-4.75321256952e-09
-4.75321257581e-09
-4.75321258222e-09
-4.75321258876e-09
-4.75321259542e-09
-4.75321260221e-09
-4.75321260911e-09
-4.75321261612e-09
-4.75321262326e-09
-4.7532126305e-09
-4.75321263786e-09
-4.75321264533e-09
-4.75321265291e-09
-4.75321266059e-09
-4.75321266838e-09
-4.75321267627e-09
-4.75321268426e-09
-4.75321269235e-09
-4.75321270053e-09
-4.75321270881e-09
-4.75321271718e-09
-4.75321272565e-09
-4.7532127342e-09
-4.75321274284e-09
-4.75321275156e-09
-4.75321276036e-09
-4.75321276925e-09
-4.75321277821e-09
-4.75321278724e-09
-4.75321279635e-09
-4.75321280553e-09
-4.75321281478e-09
-4.7532128241e-09
-4.75321283347e-09
-4.75321284291e-09
-4.75321285241e-09
-4.75321286197e-09
-4.75321287158e-09
-4.75321288124e-09
-4.75321289095e-09
-4.75321290071e-09
-4.75321291051e-09
-4.75321292036e-09
-4.75321293025e-09
-4.75321294017e-09
-4.75321295012e-09
-4.75321296011e-09
-4.75321297013e-09
-4.75321298018e-09
-4.75321299025e-09
-4.75321300034e-09
-4.75321301045e-09
-4.75321302058e-09
-4.75321303073e-09
-4.75321304088e-09
-4.75321305105e-09
-4.75321306122e-09
-4.75321307139e-09
-4.75321308157e-09
-4.75321309175e-09
-4.75321310192e-09
-4.75321311208e-09
-4.75321312224e-09
-4.75321313239e-09
-4.75321314252e-09
-4.75321315264e-09
-4.75321316273e-09
-4.75321317281e-09
-4.75321318286e-09
-4.75321319289e-09
-4.75321320288e-09
-4.75321321285e-09
-4.75321322277e-09
-4.75321323267e-09
-4.75321324252e-09
-4.75321325233e-09
-4.7532132621e-09
-4.75321327182e-09
-4.75321328149e-09
-4.75321329111e-09
-4.75321330067e-09
-4.75321331018e-09
-4.75321331963e-09
-4.75321332901e-09
-4.75321333834e-09
-4.75321334759e-09
-4.75321335678e-09
-4.7532133659e-09
-4.75321337494e-09
-4.75321338391e-09
-4.7532133928e-09
-4.75321340161e-09
-4.75321341033e-09
-4.75321341897e-09
-4.75321342753e-09
-4.75321343599e-09
-4.75321344436e-09
-4.75321345264e-09
-4.75321346083e-09
-4.75321346891e-09
-4.7532134769e-09
-4.75321348478e-09
-4.75321349256e-09
-4.75321350023e-09
-4.75321350779e-09
-4.75321351525e-09
-4.75321352259e-09
-4.75321352981e-09
-4.75321353692e-09
-4.75321354392e-09
-4.75321355079e-09
-4.75321355754e-09
-4.75321356417e-09
-4.75321357067e-09
-4.75321357705e-09
-4.7532135833e-09
-4.75321358941e-09
-4.7532135954e-09
-4.75321360125e-09
-4.75321360696e-09
-4.75321361254e-09
-4.75321361798e-09
-4.75321362329e-09
-4.75321362845e-09
-4.75321363346e-09
-4.75321363834e-09
-4.75321364307e-09
-4.75321364765e-09
-4.75321365208e-09
-4.75321365636e-09
-4.7532136605e-09
-4.75321366448e-09
-4.75321366831e-09
-4.75321367199e-09
-4.75321367551e-09
-4.75321367887e-09
-4.75321368208e-09
-4.75321368513e-09
-4.75321368802e-09
-4.75321369076e-09
-4.75321369333e-09
-4.75321369574e-09
-4.75321369798e-09
-4.75321370007e-09
-4.75321370199e-09
-4.75321370375e-09
-4.75321370534e-09
-4.75321370676e-09
-4.75321370803e-09
-4.75321370912e-09
-4.75321371005e-09
-4.75321371081e-09
-4.7532137114e-09
-4.75321371182e-09
-4.75321371208e-09
-4.75321371216e-09
-4.75321371208e-09
-4.75321371183e-09
-4.75321371141e-09
-4.75321371082e-09
-4.75321371006e-09
-4.75321370913e-09
-4.75321370803e-09
-4.75321370676e-09
-4.75321370532e-09
-4.75321370372e-09
-4.75321370194e-09
-4.7532137e-09
-4.75321369788e-09
-4.7532136956e-09
-4.75321369315e-09
-4.75321369053e-09
-4.75321368775e-09
-4.75321368479e-09
-4.75321368168e-09
-4.75321367839e-09
-4.75321367494e-09
-4.75321367133e-09
-4.75321366755e-09
-4.75321366361e-09
-4.7532136595e-09
-4.75321365523e-09
-4.75321365081e-09
-4.75321364622e-09
-4.75321364147e-09
-4.75321363656e-09
-4.7532136315e-09
-4.75321362628e-09
-4.7532136209e-09
-4.75321361537e-09
-4.75321360968e-09
-4.75321360385e-09
-4.75321359786e-09
-4.75321359172e-09
-4.75321358543e-09
-4.75321357899e-09
-4.75321357241e-09
-4.75321356568e-09
-4.75321355881e-09
-4.7532135518e-09
-4.75321354465e-09
-4.75321353735e-09
-4.75321352992e-09
-4.75321352235e-09
-4.75321351465e-09
-4.75321350681e-09
-4.75321349884e-09
-4.75321349074e-09
-4.75321348252e-09
-4.75321347416e-09
-4.75321346569e-09
-4.75321345708e-09
-4.75321344836e-09
-4.75321343952e-09
-4.75321343056e-09
-4.75321342148e-09
-4.75321341229e-09
-4.75321340299e-09
-4.75321339358e-09
-4.75321338406e-09
-4.75321337443e-09
-4.7532133647e-09
-4.75321335487e-09
-4.75321334493e-09
-4.7532133349e-09
-4.75321332478e-09
-4.75321331456e-09
-4.75321330425e-09
-4.75321329385e-09
-4.75321328336e-09
-4.75321327279e-09
-4.75321326214e-09
-4.7532132514e-09
-4.75321324059e-09
-4.7532132297e-09
-4.75321321874e-09
-4.75321320771e-09
-4.75321319661e-09
-4.75321318544e-09
-4.75321317421e-09
-4.75321316292e-09
-4.75321315157e-09
-4.75321314017e-09
-4.75321312871e-09
-4.75321311719e-09
-4.75321310563e-09
-4.75321309403e-09
-4.75321308238e-09
-4.75321307068e-09
-4.75321305895e-09
-4.75321304718e-09
-4.75321303538e-09
-4.75321302355e-09
-4.75321301169e-09
-4.7532129998e-09
-4.75321298789e-09
-4.75321297596e-09
-4.753212964e-09
-4.75321295204e-09
-4.75321294006e-09
-4.75321292807e-09
-4.75321291607e-09
-4.75321290407e-09
-4.75321289206e-09
-4.75321288006e-09
-4.75321286805e-09
-4.75321285606e-09
-4.75321284407e-09
-4.75321283209e-09
-4.75321282012e-09
-4.75321280817e-09
-4.75321279624e-09
-4.75321278433e-09
-4.75321277244e-09
-4.75321276058e-09
-4.75321274875e-09
-4.75321273695e-09
-4.75321272518e-09
-4.75321271345e-09
-4.75321270176e-09
-4.75321269011e-09
-4.75321267851e-09
-4.75321266695e-09
-4.75321265544e-09
-4.75321264399e-09
-4.75321263259e-09
-4.75321262125e-09
-4.75321260996e-09
-4.75321259874e-09
-4.75321258759e-09
-4.7532125765e-09
-4.75321256548e-09
-4.75321255453e-09
-4.75321254366e-09
-4.75321253287e-09
-4.75321252215e-09
-4.75321251152e-09
-4.75321250097e-09
-4.75321249051e-09
-4.75321248013e-09
-4.75321246985e-09
-4.75321245966e-09
-4.75321244957e-09
-4.75321243958e-09
-4.75321242968e-09
-4.75321241989e-09
-4.75321241021e-09
-4.75321240063e-09
-4.75321239116e-09
-4.75321238181e-09
-4.75321237256e-09
-4.75321236344e-09
-4.75321235443e-09
-4.75321234554e-09
-4.75321233677e-09
-4.75321232813e-09
-4.75321231961e-09
-4.75321231122e-09
-4.75321230297e-09
-4.75321229484e-09
-4.75321228685e-09
-4.75321227899e-09
-4.75321227127e-09
-4.75321226369e-09
-4.75321225625e-09
-4.75321224896e-09
-4.75321224181e-09
-4.7532122348e-09
-4.75321222795e-09
-4.75321222124e-09
-4.75321221468e-09
-4.75321220828e-09
-4.75321220203e-09
-4.75321219594e-09
-4.75321219001e-09
-4.75321218423e-09
-4.75321217861e-09
-4.75321217316e-09
-4.75321216787e-09
-4.75321216274e-09
-4.75321215778e-09
-4.75321215299e-09
-4.75321214836e-09
-4.75321214391e-09
-4.75321213962e-09
-4.75321213551e-09
-4.75321213157e-09
-4.7532121278e-09
-4.75321212421e-09
-4.75321212079e-09
-4.75321211755e-09
-4.75321211449e-09
-4.75321211161e-09
-4.7532121089e-09
-4.75321210638e-09
-4.75321210404e-09
-4.75321210188e-09
-4.7532120999e-09
-4.7532120981e-09
-4.75321209649e-09
-4.75321209506e-09
-4.75321209382e-09
-4.75321209276e-09
-4.75321209189e-09
-4.75321209121e-09
-4.75321209071e-09
-4.7532120904e-09
-4.75321209027e-09
-4.75321209033e-09
-4.75321209059e-09
-4.75321209102e-09
-4.75321209165e-09
-4.75321209247e-09
-4.75321209347e-09
-4.75321209466e-09
-4.75321209605e-09
-4.75321209761e-09
-4.75321209937e-09
-4.75321210132e-09
-4.75321210345e-09
-4.75321210578e-09
-4.75321210829e-09
-4.75321211099e-09
-4.75321211387e-09
-4.75321211694e-09
-4.7532121202e-09
-4.75321212365e-09
-4.75321212728e-09
-4.75321213109e-09
-4.75321213509e-09
-4.75321213928e-09
-4.75321214365e-09
-4.7532121482e-09
-4.75321215293e-09
-4.75321215785e-09
-4.75321216294e-09
-4.75321216822e-09
-4.75321217368e-09
-4.75321217931e-09
-4.75321218512e-09
-4.75321219111e-09
-4.75321219727e-09
-4.75321220361e-09
-4.75321221013e-09
-4.75321221681e-09
-4.75321222367e-09
-4.75321223069e-09
-4.75321223789e-09
-4.75321224525e-09
-4.75321225278e-09
-4.75321226048e-09
-4.75321226834e-09
-4.75321227636e-09
-4.75321228454e-09
-4.75321229289e-09
-4.75321230139e-09
-4.75321231005e-09
-4.75321231887e-09
-4.75321232784e-09
-4.75321233696e-09
-4.75321234623e-09
-4.75321235565e-09
-4.75321236522e-09
-4.75321237494e-09
-4.7532123848e-09
-4.7532123948e-09
-4.75321240494e-09
-4.75321241522e-09
-4.75321242564e-09
-4.7532124362e-09
-4.75321244688e-09
-4.7532124577e-09
-4.75321246865e-09
-4.75321247972e-09
-4.75321249093e-09
-4.75321250225e-09
-4.75321251369e-09
-4.75321252526e-09
-4.75321253694e-09
-4.75321254874e-09
-4.75321256064e-09
-4.75321257266e-09
-4.75321258479e-09
-4.75321259703e-09
-4.75321260936e-09
-4.7532126218e-09
-4.75321263434e-09
-4.75321264698e-09
-4.75321265971e-09
-4.75321267253e-09
-4.75321268545e-09
-4.75321269845e-09
-4.75321271154e-09
-4.7532127247e-09
-4.75321273795e-09
-4.75321275128e-09
-4.75321276468e-09
-4.75321277816e-09
-4.7532127917e-09
-4.75321280532e-09
-4.753212819e-09
-4.75321283274e-09
-4.75321284654e-09
-4.7532128604e-09
-4.75321287431e-09
-4.75321288828e-09
-4.7532129023e-09
-4.75321291636e-09
-4.75321293047e-09
-4.75321294461e-09
-4.7532129588e-09
-4.75321297303e-09
-4.75321298729e-09
-4.75321300158e-09
-4.75321301589e-09
-4.75321303024e-09
-4.7532130446e-09
-4.75321305899e-09
-4.75321307339e-09
-4.75321308781e-09
-4.75321310224e-09
-4.75321311668e-09
-4.75321313112e-09
-4.75321314557e-09
-4.75321316002e-09
-4.75321317447e-09
-4.75321318891e-09
-4.75321320335e-09
-4.75321321777e-09
-4.75321323219e-09
-4.75321324658e-09
-4.75321326096e-09
-4.75321327532e-09
-4.75321328965e-09
-4.75321330396e-09
-4.75321331823e-09
-4.75321333248e-09
-4.75321334669e-09
-4.75321336086e-09
-4.75321337499e-09
-4.75321338907e-09
-4.75321340312e-09
-4.75321341711e-09
-4.75321343105e-09
-4.75321344493e-09
-4.75321345876e-09
-4.75321347253e-09
-4.75321348624e-09
-4.75321349988e-09
-4.75321351346e-09
-4.75321352696e-09
-4.75321354039e-09
-4.75321355375e-09
-4.75321356703e-09
-4.75321358022e-09
-4.75321359334e-09
-4.75321360636e-09
-4.7532136193e-09
-4.75321363215e-09
-4.7532136449e-09
-4.75321365756e-09
-4.75321367012e-09
-4.75321368257e-09
-4.75321369493e-09
-4.75321370717e-09
-4.75321371931e-09
-4.75321373134e-09
-4.75321374325e-09
-4.75321375505e-09
-4.75321376673e-09
-4.75321377829e-09
-4.75321378973e-09
-4.75321380104e-09
-4.75321381222e-09
-4.75321382327e-09
-4.75321383419e-09
-4.75321384498e-09
-4.75321385563e-09
-4.75321386614e-09
-4.75321387651e-09
-4.75321388674e-09
-4.75321389682e-09
-4.75321390676e-09
-4.75321391655e-09
-4.75321392618e-09
-4.75321393566e-09
-4.75321394499e-09
-4.75321395416e-09
-4.75321396317e-09
-4.75321397202e-09
-4.75321398071e-09
-4.75321398923e-09
-4.75321399759e-09
-4.75321400578e-09
-4.75321401379e-09
-4.75321402164e-09
-4.75321402931e-09
-4.75321403681e-09
-4.75321404413e-09
-4.75321405127e-09
-4.75321405823e-09
-4.75321406501e-09
-4.75321407161e-09
-4.75321407802e-09
-4.75321408425e-09
-4.75321409029e-09
-4.75321409614e-09
-4.75321410181e-09
-4.75321410728e-09
-4.75321411255e-09
-4.75321411764e-09
-4.75321412253e-09
-4.75321412722e-09
-4.75321413171e-09
-4.75321413601e-09
-4.75321414011e-09
-4.753214144e-09
-4.7532141477e-09
-4.75321415119e-09
-4.75321415448e-09
-4.75321415756e-09
-4.75321416044e-09
-4.75321416311e-09
-4.75321416558e-09
-4.75321416784e-09
-4.75321416989e-09
-4.75321417173e-09
-4.75321417336e-09
-4.75321417478e-09
-4.75321417599e-09
-4.75321417699e-09
-4.75321417778e-09
-4.75321417835e-09
-4.75321417872e-09
-4.75321417886e-09
-4.7532141788e-09
-4.75321417852e-09
-4.75321417803e-09
-4.75321417732e-09
-4.7532141764e-09
-4.75321417527e-09
-4.75321417392e-09
-4.75321417235e-09
-4.75321417057e-09
-4.75321416858e-09
-4.75321416637e-09
-4.75321416394e-09
-4.75321416131e-09
-4.75321415845e-09
-4.75321415539e-09
-4.75321415211e-09
-4.75321414861e-09
-4.7532141449e-09
-4.75321414098e-09
-4.75321413685e-09
-4.7532141325e-09
-4.75321412795e-09
-4.75321412318e-09
-4.7532141182e-09
-4.75321411301e-09
-4.75321410761e-09
-4.753214102e-09
-4.75321409618e-09
-4.75321409016e-09
-4.75321408393e-09
-4.75321407749e-09
-4.75321407085e-09
-4.753214064e-09
-4.75321405695e-09
-4.7532140497e-09
-4.75321404225e-09
-4.75321403459e-09
-4.75321402674e-09
-4.75321401869e-09
-4.75321401044e-09
-4.753214002e-09
-4.75321399336e-09
-4.75321398453e-09
-4.7532139755e-09
-4.75321396628e-09
-4.75321395688e-09
-4.75321394729e-09
-4.7532139375e-09
-4.75321392754e-09
-4.75321391739e-09
-4.75321390706e-09
-4.75321389654e-09
-4.75321388585e-09
-4.75321387498e-09
-4.75321386393e-09
-4.75321385271e-09
-4.75321384132e-09
-4.75321382976e-09
-4.75321381802e-09
-4.75321380612e-09
-4.75321379406e-09
-4.75321378183e-09
-4.75321376943e-09
-4.75321375688e-09
-4.75321374417e-09
-4.75321373131e-09
-4.75321371829e-09
-4.75321370511e-09
-4.75321369179e-09
-4.75321367832e-09
-4.75321366471e-09
-4.75321365095e-09
-4.75321363705e-09
-4.75321362301e-09
-4.75321360883e-09
-4.75321359452e-09
-4.75321358008e-09
-4.7532135655e-09
-4.7532135508e-09
-4.75321353598e-09
-4.75321352103e-09
-4.75321350595e-09
-4.75321349077e-09
-4.75321347546e-09
-4.75321346004e-09
-4.75321344451e-09
-4.75321342888e-09
-4.75321341313e-09
-4.75321339729e-09
-4.75321338134e-09
-4.75321336529e-09
-4.75321334915e-09
-4.75321333292e-09
-4.7532133166e-09
-4.75321330018e-09
-4.75321328369e-09
-4.75321326711e-09
-4.75321325045e-09
-4.75321323372e-09
-4.75321321691e-09
-4.75321320003e-09
-4.75321318308e-09
-4.75321316606e-09
-4.75321314898e-09
-4.75321313185e-09
-4.75321311465e-09
-4.7532130974e-09
-4.7532130801e-09
-4.75321306275e-09
-4.75321304536e-09
-4.75321302792e-09
-4.75321301044e-09
-4.75321299293e-09
-4.75321297538e-09
-4.7532129578e-09
-4.75321294019e-09
-4.75321292255e-09
-4.7532129049e-09
-4.75321288722e-09
-4.75321286953e-09
-4.75321285182e-09
-4.7532128341e-09
-4.75321281638e-09
-4.75321279865e-09
-4.75321278092e-09
-4.75321276319e-09
-4.75321274546e-09
-4.75321272775e-09
-4.75321271004e-09
-4.75321269235e-09
-4.75321267467e-09
-4.75321265701e-09
-4.75321263937e-09
-4.75321262176e-09
-4.75321260418e-09
-4.75321258663e-09
-4.75321256911e-09
-4.75321255164e-09
-4.7532125342e-09
-4.7532125168e-09
-4.75321249945e-09
-4.75321248215e-09
-4.7532124649e-09
-4.75321244771e-09
-4.75321243058e-09
-4.7532124135e-09
-4.75321239649e-09
-4.75321237955e-09
-4.75321236268e-09
-4.75321234588e-09
-4.75321232916e-09
-4.75321231251e-09
-4.75321229595e-09
-4.75321227947e-09
-4.75321226308e-09
-4.75321224677e-09
-4.75321223057e-09
-4.75321221445e-09
-4.75321219844e-09
-4.75321218253e-09
-4.75321216672e-09
-4.75321215102e-09
-4.75321213542e-09
-4.75321211994e-09
-4.75321210458e-09
-4.75321208933e-09
-4.75321207421e-09
-4.75321205921e-09
-4.75321204433e-09
-4.75321202959e-09
-4.75321201497e-09
-4.75321200049e-09
-4.75321198614e-09
-4.75321197194e-09
-4.75321195787e-09
-4.75321194395e-09
-4.75321193018e-09
-4.75321191655e-09
-4.75321190308e-09
-4.75321188976e-09
-4.7532118766e-09
-4.7532118636e-09
-4.75321185076e-09
-4.75321183808e-09
-4.75321182557e-09
-4.75321181322e-09
-4.75321180105e-09
-4.75321178905e-09
-4.75321177722e-09
-4.75321176558e-09
-4.75321175411e-09
-4.75321174282e-09
-4.75321173172e-09
-4.7532117208e-09
-4.75321171007e-09
-4.75321169953e-09
-4.75321168919e-09
-4.75321167903e-09
-4.75321166907e-09
-4.75321165931e-09
-4.75321164975e-09
-4.7532116404e-09
-4.75321163124e-09
-4.75321162229e-09
-4.75321161355e-09
-4.75321160501e-09
-4.75321159669e-09
-4.75321158858e-09
-4.75321158068e-09
-4.753211573e-09
-4.75321156553e-09
-4.75321155828e-09
-4.75321155125e-09
-4.75321154445e-09
-4.75321153786e-09
-4.7532115315e-09
-4.75321152537e-09
-4.75321151946e-09
-4.75321151379e-09
-4.75321150834e-09
-4.75321150312e-09
-4.75321149813e-09
-4.75321149338e-09
-4.75321148886e-09
-4.75321148458e-09
-4.75321148053e-09
-4.75321147672e-09
-4.75321147315e-09
-4.75321146982e-09
-4.75321146672e-09
-4.75321146387e-09
-4.75321146126e-09
-4.7532114589e-09
-4.75321145677e-09
-4.7532114549e-09
-4.75321145326e-09
-4.75321145187e-09
-4.75321145073e-09
-4.75321144984e-09
-4.75321144919e-09
-4.75321144879e-09
-4.75321144864e-09
-4.75321144873e-09
-4.75321144908e-09
-4.75321144967e-09
-4.75321145051e-09
-4.75321145161e-09
-4.75321145295e-09
-4.75321145454e-09
-4.75321145639e-09
-4.75321145848e-09
-4.75321146083e-09
-4.75321146342e-09
-4.75321146627e-09
-4.75321146936e-09
-4.75321147271e-09
-4.75321147631e-09
-4.75321148015e-09
-4.75321148425e-09
-4.75321148859e-09
-4.75321149319e-09
-4.75321149803e-09
-4.75321150313e-09
-4.75321150847e-09
-4.75321151405e-09
-4.75321151989e-09
-4.75321152597e-09
-4.7532115323e-09
-4.75321153887e-09
-4.75321154569e-09
-4.75321155275e-09
-4.75321156005e-09
-4.7532115676e-09
-4.75321157539e-09
-4.75321158342e-09
-4.75321159169e-09
-4.7532116002e-09
-4.75321160895e-09
-4.75321161793e-09
-4.75321162715e-09
-4.75321163661e-09
-4.75321164629e-09
-4.75321165622e-09
-4.75321166637e-09
-4.75321167675e-09
-4.75321168737e-09
-4.75321169821e-09
-4.75321170927e-09
-4.75321172057e-09
-4.75321173208e-09
-4.75321174382e-09
-4.75321175578e-09
-4.75321176796e-09
-4.75321178035e-09
-4.75321179296e-09
-4.75321180579e-09
-4.75321181883e-09
-4.75321183208e-09
-4.75321184554e-09
-4.75321185921e-09
-4.75321187308e-09
-4.75321188716e-09
-4.75321190144e-09
-4.75321191591e-09
-4.75321193059e-09
-4.75321194547e-09
-4.75321196053e-09
-4.7532119758e-09
-4.75321199125e-09
-4.75321200689e-09
-4.75321202271e-09
-4.75321203872e-09
-4.75321205491e-09
-4.75321207128e-09
-4.75321208783e-09
-4.75321210455e-09
-4.75321212145e-09
-4.75321213851e-09
-4.75321215575e-09
-4.75321217315e-09
-4.75321219071e-09
-4.75321220844e-09
-4.75321222632e-09
-4.75321224436e-09
-4.75321226255e-09
-4.75321228089e-09
-4.75321229938e-09
-4.75321231802e-09
-4.7532123368e-09
-4.75321235572e-09
-4.75321237477e-09
-4.75321239396e-09
-4.75321241329e-09
-4.75321243274e-09
-4.75321245232e-09
-4.75321247203e-09
-4.75321249185e-09
-4.7532125118e-09
-4.75321253186e-09
-4.75321255203e-09
-4.75321257231e-09
-4.7532125927e-09
-4.75321261319e-09
-4.75321263379e-09
-4.75321265448e-09
-4.75321267526e-09
-4.75321269614e-09
-4.75321271711e-09
-4.75321273816e-09
-4.7532127593e-09
-4.75321278052e-09
-4.75321280181e-09
-4.75321282317e-09
-4.75321284461e-09
-4.75321286611e-09
-4.75321288768e-09
-4.75321290931e-09
-4.753212931e-09
-4.75321295274e-09
-4.75321297453e-09
-4.75321299637e-09
-4.75321301826e-09
-4.75321304018e-09
-4.75321306215e-09
-4.75321308415e-09
-4.75321310619e-09
-4.75321312825e-09
-4.75321315034e-09
-4.75321317245e-09
-4.75321319458e-09
-4.75321321672e-09
-4.75321323888e-09
-4.75321326105e-09
-4.75321328322e-09
-4.75321330539e-09
-4.75321332757e-09
-4.75321334973e-09
-4.7532133719e-09
-4.75321339405e-09
-4.75321341618e-09
-4.7532134383e-09
-4.7532134604e-09
-4.75321348247e-09
-4.75321350452e-09
-4.75321352654e-09
-4.75321354852e-09
-4.75321357046e-09
-4.75321359237e-09
-4.75321361422e-09
-4.75321363604e-09
-4.7532136578e-09
-4.7532136795e-09
-4.75321370115e-09
-4.75321372274e-09
-4.75321374426e-09
-4.75321376572e-09
-4.7532137871e-09
-4.75321380841e-09
-4.75321382965e-09
-4.7532138508e-09
-4.75321387187e-09
-4.75321389286e-09
-4.75321391375e-09
-4.75321393455e-09
-4.75321395525e-09
-4.75321397585e-09
-4.75321399635e-09
-4.75321401674e-09
-4.75321403703e-09
-4.7532140572e-09
-4.75321407725e-09
-4.75321409718e-09
-4.753214117e-09
-4.75321413668e-09
-4.75321415624e-09
-4.75321417567e-09
-4.75321419496e-09
-4.75321421412e-09
-4.75321423314e-09
-4.75321425201e-09
-4.75321427073e-09
-4.75321428931e-09
-4.75321430773e-09
-4.75321432599e-09
-4.7532143441e-09
-4.75321436205e-09
-4.75321437983e-09
-4.75321439745e-09
-4.75321441489e-09
-4.75321443216e-09
-4.75321444926e-09
-4.75321446618e-09
-4.75321448292e-09
-4.75321449947e-09
-4.75321451583e-09
-4.75321453201e-09
-4.753214548e-09
-4.75321456379e-09
-4.75321457938e-09
-4.75321459477e-09
-4.75321460996e-09
-4.75321462495e-09
-4.75321463973e-09
-4.7532146543e-09
-4.75321466865e-09
-4.7532146828e-09
-4.75321469672e-09
-4.75321471042e-09
-4.75321472391e-09
-4.75321473716e-09
-4.7532147502e-09
-4.753214763e-09
-4.75321477557e-09
-4.75321478791e-09
-4.75321480001e-09
-4.75321481188e-09
-4.75321482351e-09
-4.75321483489e-09
-4.75321484603e-09
-4.75321485693e-09
-4.75321486757e-09
-4.75321487797e-09
-4.75321488812e-09
-4.75321489801e-09
-4.75321490765e-09
-4.75321491703e-09
-4.75321492615e-09
-4.75321493502e-09
-4.75321494361e-09
-4.75321495195e-09
-4.75321496002e-09
-4.75321496782e-09
-4.75321497536e-09
-4.75321498262e-09
-4.75321498962e-09
-4.75321499634e-09
-4.75321500278e-09
-4.75321500895e-09
-4.75321501484e-09
-4.75321502046e-09
-4.75321502579e-09
-4.75321503085e-09
-4.75321503562e-09
-4.75321504011e-09
-4.75321504431e-09
-4.75321504823e-09
-4.75321505186e-09
-4.7532150552e-09
-4.75321505826e-09
-4.75321506103e-09
-4.75321506351e-09
-4.75321506569e-09
-4.75321506759e-09
-4.75321506919e-09
-4.7532150705e-09
-4.75321507151e-09
-4.75321507224e-09
-4.75321507266e-09
-4.75321507279e-09
-4.75321507263e-09
-4.75321507217e-09
-4.75321507141e-09
-4.75321507035e-09
-4.753215069e-09
-4.75321506735e-09
-4.7532150654e-09
-4.75321506315e-09
-4.7532150606e-09
-4.75321505776e-09
-4.75321505462e-09
-4.75321505117e-09
-4.75321504743e-09
-4.75321504339e-09
-4.75321503906e-09
-4.75321503442e-09
-4.75321502948e-09
-4.75321502425e-09
-4.75321501872e-09
-4.75321501289e-09
-4.75321500677e-09
-4.75321500035e-09
-4.75321499363e-09
-4.75321498661e-09
-4.75321497931e-09
-4.7532149717e-09
-4.7532149638e-09
-4.75321495561e-09
-4.75321494713e-09
-4.75321493835e-09
-4.75321492928e-09
-4.75321491992e-09
-4.75321491027e-09
-4.75321490033e-09
-4.75321489011e-09
-4.7532148796e-09
-4.7532148688e-09
-4.75321485771e-09
-4.75321484634e-09
-4.75321483469e-09
-4.75321482276e-09
-4.75321481055e-09
-4.75321479806e-09
-4.75321478529e-09
-4.75321477224e-09
-4.75321475892e-09
-4.75321474533e-09
-4.75321473146e-09
-4.75321471732e-09
-4.75321470291e-09
-4.75321468824e-09
-4.7532146733e-09
-4.75321465809e-09
-4.75321464262e-09
-4.75321462689e-09
-4.75321461091e-09
-4.75321459466e-09
-4.75321457816e-09
-4.7532145614e-09
-4.7532145444e-09
-4.75321452714e-09
-4.75321450963e-09
-4.75321449188e-09
-4.75321447389e-09
-4.75321445565e-09
-4.75321443717e-09
-4.75321441846e-09
-4.75321439951e-09
-4.75321438033e-09
-4.75321436092e-09
-4.75321434127e-09
-4.75321432141e-09
-4.75321430132e-09
-4.753214281e-09
-4.75321426047e-09
-4.75321423972e-09
-4.75321421876e-09
-4.75321419759e-09
-4.75321417621e-09
-4.75321415462e-09
-4.75321413282e-09
-4.75321411083e-09
-4.75321408864e-09
-4.75321406625e-09
-4.75321404367e-09
-4.7532140209e-09
-4.75321399794e-09
-4.7532139748e-09
-4.75321395148e-09
-4.75321392798e-09
-4.7532139043e-09
-4.75321388045e-09
-4.75321385643e-09
-4.75321383225e-09
-4.7532138079e-09
-4.75321378339e-09
-4.75321375872e-09
-4.75321373389e-09
-4.75321370892e-09
-4.7532136838e-09
-4.75321365853e-09
-4.75321363312e-09
-4.75321360757e-09
-4.75321358189e-09
-4.75321355607e-09
-4.75321353013e-09
-4.75321350406e-09
-4.75321347787e-09
-4.75321345156e-09
-4.75321342513e-09
-4.7532133986e-09
-4.75321337195e-09
-4.7532133452e-09
-4.75321331835e-09
-4.75321329139e-09
-4.75321326435e-09
-4.75321323721e-09
-4.75321320999e-09
-4.75321318268e-09
-4.75321315529e-09
-4.75321312782e-09
-4.75321310028e-09
-4.75321307267e-09
-4.753213045e-09
-4.75321301726e-09
-4.75321298946e-09
-4.75321296161e-09
-4.7532129337e-09
-4.75321290575e-09
-4.75321287775e-09
-4.75321284972e-09
-4.75321282164e-09
-4.75321279353e-09
-4.7532127654e-09
-4.75321273723e-09
-4.75321270905e-09
-4.75321268085e-09
-4.75321265263e-09
-4.7532126244e-09
-4.75321259617e-09
-4.75321256793e-09
-4.75321253969e-09
-4.75321251146e-09
-4.75321248323e-09
-4.75321245502e-09
-4.75321242682e-09
-4.75321239865e-09
-4.75321237049e-09
-4.75321234236e-09
-4.75321231427e-09
-4.75321228621e-09
-4.75321225818e-09
-4.7532122302e-09
-4.75321220227e-09
-4.75321217438e-09
-4.75321214655e-09
-4.75321211878e-09
-4.75321209107e-09
-4.75321206342e-09
-4.75321203584e-09
-4.75321200834e-09
-4.75321198091e-09
-4.75321195356e-09
-4.7532119263e-09
-4.75321189912e-09
-4.75321187204e-09
-4.75321184505e-09
-4.75321181816e-09
-4.75321179137e-09
-4.75321176469e-09
-4.75321173812e-09
-4.75321171166e-09
-4.75321168532e-09
-4.7532116591e-09
-4.75321163301e-09
-4.75321160704e-09
-4.75321158121e-09
-4.75321155551e-09
-4.75321152995e-09
-4.75321150454e-09
-4.75321147927e-09
-4.75321145415e-09
-4.75321142919e-09
-4.75321140438e-09
-4.75321137973e-09
-4.75321135525e-09
-4.75321133094e-09
-4.75321130679e-09
-4.75321128283e-09
-4.75321125904e-09
-4.75321123543e-09
-4.75321121201e-09
-4.75321118877e-09
-4.75321116573e-09
-4.75321114288e-09
-4.75321112023e-09
-4.75321109778e-09
-4.75321107554e-09
-4.75321105351e-09
-4.75321103168e-09
-4.75321101008e-09
-4.75321098869e-09
-4.75321096752e-09
-4.75321094657e-09
-4.75321092585e-09
-4.75321090537e-09
-4.75321088511e-09
-4.75321086509e-09
-4.75321084532e-09
-4.75321082578e-09
-4.75321080649e-09
-4.75321078745e-09
-4.75321076866e-09
-4.75321075012e-09
-4.75321073184e-09
-4.75321071382e-09
-4.75321069606e-09
-4.75321067857e-09
-4.75321066135e-09
-4.75321064439e-09
-4.75321062771e-09
-4.75321061131e-09
-4.75321059518e-09
-4.75321057934e-09
-4.75321056378e-09
-4.7532105485e-09
-4.75321053351e-09
-4.75321051882e-09
-4.75321050441e-09
-4.75321049031e-09
-4.7532104765e-09
-4.75321046299e-09
-4.75321044978e-09
-4.75321043688e-09
-4.75321042428e-09
-4.753210412e-09
-4.75321040002e-09
-4.75321038836e-09
-4.75321037701e-09
-4.75321036598e-09
-4.75321035527e-09
-4.75321034489e-09
-4.75321033482e-09
-4.75321032508e-09
-4.75321031566e-09
-4.75321030658e-09
-4.75321029782e-09
-4.7532102894e-09
-4.7532102813e-09
-4.75321027355e-09
-4.75321026613e-09
-4.75321025904e-09
-4.7532102523e-09
-4.7532102459e-09
-4.75321023984e-09
-4.75321023412e-09
-4.75321022875e-09
-4.75321022373e-09
-4.75321021905e-09
-4.75321021472e-09
-4.75321021074e-09
-4.75321020711e-09
-4.75321020384e-09
-4.75321020091e-09
-4.75321019835e-09
-4.75321019613e-09
-4.75321019427e-09
-4.75321019277e-09
-4.75321019162e-09
-4.75321019084e-09
-4.75321019041e-09
-4.75321019034e-09
-4.75321019063e-09
-4.75321019128e-09
-4.75321019229e-09
-4.75321019366e-09
-4.7532101954e-09
-4.7532101975e-09
-4.75321019996e-09
-4.75321020278e-09
-4.75321020597e-09
-4.75321020952e-09
-4.75321021343e-09
-4.75321021771e-09
-4.75321022235e-09
-4.75321022736e-09
-4.75321023273e-09
-4.75321023846e-09
-4.75321024455e-09
-4.75321025101e-09
-4.75321025784e-09
-4.75321026502e-09
-4.75321027257e-09
-4.75321028048e-09
-4.75321028875e-09
-4.75321029739e-09
-4.75321030638e-09
-4.75321031574e-09
-4.75321032545e-09
-4.75321033553e-09
-4.75321034596e-09
-4.75321035675e-09
-4.7532103679e-09
-4.75321037941e-09
-4.75321039127e-09
-4.75321040348e-09
-4.75321041605e-09
-4.75321042897e-09
-4.75321044224e-09
-4.75321045587e-09
-4.75321046984e-09
-4.75321048416e-09
-4.75321049883e-09
-4.75321051384e-09
-4.7532105292e-09
-4.7532105449e-09
-4.75321056094e-09
-4.75321057733e-09
-4.75321059405e-09
-4.75321061111e-09
-4.7532106285e-09
-4.75321064623e-09
-4.75321066429e-09
-4.75321068269e-09
-4.75321070141e-09
-4.75321072046e-09
-4.75321073983e-09
-4.75321075953e-09
-4.75321077955e-09
-4.75321079989e-09
-4.75321082055e-09
-4.75321084152e-09
-4.75321086281e-09
-4.7532108844e-09
-4.75321090631e-09
-4.75321092853e-09
-4.75321095104e-09
-4.75321097387e-09
-4.75321099699e-09
-4.75321102041e-09
-4.75321104412e-09
-4.75321106813e-09
-4.75321109243e-09
-4.75321111702e-09
-4.75321114189e-09
-4.75321116705e-09
-4.75321119248e-09
-4.75321121819e-09
-4.75321124418e-09
-4.75321127044e-09
-4.75321129697e-09
-4.75321132377e-09
-4.75321135083e-09
-4.75321137815e-09
-4.75321140573e-09
-4.75321143356e-09
-4.75321146164e-09
-4.75321148998e-09
-4.75321151856e-09
-4.75321154738e-09
-4.75321157644e-09
-4.75321160574e-09
-4.75321163527e-09
-4.75321166503e-09
-4.75321169501e-09
-4.75321172522e-09
-4.75321175565e-09
-4.7532117863e-09
-4.75321181716e-09
-4.75321184823e-09
-4.7532118795e-09
-4.75321191098e-09
-4.75321194266e-09
-4.75321197453e-09
-4.7532120066e-09
-4.75321203885e-09
-4.75321207129e-09
-4.75321210391e-09
-4.75321213671e-09
-4.75321216968e-09
-4.75321220282e-09
-4.75321223613e-09
-4.7532122696e-09
-4.75321230323e-09
-4.75321233701e-09
-4.75321237095e-09
-4.75321240503e-09
-4.75321243926e-09
-4.75321247362e-09
-4.75321250812e-09
-4.75321254275e-09
-4.75321257751e-09
-4.75321261239e-09
-4.75321264739e-09
-4.75321268251e-09
-4.75321271774e-09
-4.75321275307e-09
-4.75321278851e-09
-4.75321282404e-09
-4.75321285968e-09
-4.7532128954e-09
-4.75321293121e-09
-4.75321296709e-09
-4.75321300306e-09
-4.7532130391e-09
-4.75321307522e-09
-4.75321311139e-09
-4.75321314763e-09
-4.75321318392e-09
-4.75321322027e-09
-4.75321325666e-09
-4.7532132931e-09
-4.75321332958e-09
-4.75321336609e-09
-4.75321340263e-09
-4.7532134392e-09
-4.75321347579e-09
-4.7532135124e-09
-4.75321354902e-09
-4.75321358565e-09
-4.75321362229e-09
-4.75321365892e-09
-4.75321369555e-09
-4.75321373217e-09
-4.75321376878e-09
-4.75321380537e-09
-4.75321384194e-09
-4.75321387848e-09
-4.75321391499e-09
-4.75321395146e-09
-4.7532139879e-09
-4.75321402429e-09
-4.75321406063e-09
-4.75321409692e-09
-4.75321413315e-09
-4.75321416932e-09
-4.75321420542e-09
-4.75321424145e-09
-4.75321427741e-09
-4.75321431328e-09
-4.75321434908e-09
-4.75321438478e-09
-4.75321442039e-09
-4.7532144559e-09
-4.75321449131e-09
-4.75321452661e-09
-4.75321456181e-09
-4.75321459688e-09
-4.75321463184e-09
-4.75321466667e-09
-4.75321470138e-09
-4.75321473595e-09
-4.75321477039e-09
-4.75321480468e-09
-4.75321483883e-09
-4.75321487283e-09
-4.75321490668e-09
-4.75321494036e-09
-4.75321497388e-09
-4.75321500724e-09
-4.75321504042e-09
-4.75321507343e-09
-4.75321510626e-09
-4.75321513891e-09
-4.75321517136e-09
-4.75321520363e-09
-4.7532152357e-09
-4.75321526756e-09
-4.75321529923e-09
-4.75321533068e-09
-4.75321536192e-09
-4.75321539294e-09
-4.75321542374e-09
-4.75321545432e-09
-4.75321548467e-09
-4.75321551478e-09
-4.75321554466e-09
-4.7532155743e-09
-4.75321560369e-09
-4.75321563283e-09
-4.75321566172e-09
-4.75321569036e-09
-4.75321571873e-09
-4.75321574684e-09
-4.75321577468e-09
-4.75321580225e-09
-4.75321582955e-09
-4.75321585656e-09
-4.7532158833e-09
-4.75321590974e-09
-4.7532159359e-09
-4.75321596176e-09
-4.75321598733e-09
-4.75321601259e-09
-4.75321603756e-09
-4.75321606221e-09
-4.75321608655e-09
-4.75321611058e-09
-4.7532161343e-09
-4.75321615769e-09
-4.75321618075e-09
-4.75321620349e-09
-4.7532162259e-09
-4.75321624798e-09
-4.75321626971e-09
-4.75321629111e-09
-4.75321631217e-09
-4.75321633287e-09
-4.75321635323e-09
-4.75321637324e-09
-4.75321639289e-09
-4.75321641218e-09
-4.75321643112e-09
-4.75321644968e-09
-4.75321646789e-09
-4.75321648572e-09
-4.75321650318e-09
-4.75321652027e-09
-4.75321653697e-09
-4.7532165533e-09
-4.75321656925e-09
-4.75321658481e-09
-4.75321659998e-09
-4.75321661477e-09
-4.75321662916e-09
-4.75321664315e-09
-4.75321665675e-09
-4.75321666996e-09
-4.75321668275e-09
-4.75321669515e-09
-4.75321670714e-09
-4.75321671872e-09
-4.75321672989e-09
-4.75321674066e-09
-4.753216751e-09
-4.75321676093e-09
-4.75321677045e-09
-4.75321677954e-09
-4.75321678822e-09
-4.75321679647e-09
-4.75321680429e-09
-4.75321681169e-09
-4.75321681866e-09
-4.75321682521e-09
-4.75321683132e-09
-4.753216837e-09
-4.75321684225e-09
-4.75321684706e-09
-4.75321685143e-09
-4.75321685537e-09
-4.75321685887e-09
-4.75321686193e-09
-4.75321686455e-09
-4.75321686672e-09
-4.75321686846e-09
-4.75321686974e-09
-4.75321687059e-09
-4.75321687099e-09
-4.75321687094e-09
-4.75321687044e-09
-4.7532168695e-09
-4.75321686811e-09
-4.75321686627e-09
-4.75321686398e-09
-4.75321686124e-09
-4.75321685804e-09
-4.7532168544e-09
-4.75321685031e-09
-4.75321684576e-09
-4.75321684076e-09
-4.75321683531e-09
-4.75321682941e-09
-4.75321682305e-09
-4.75321681624e-09
-4.75321680898e-09
-4.75321680127e-09
-4.7532167931e-09
-4.75321678448e-09
-4.75321677541e-09
-4.75321676589e-09
-4.75321675591e-09
-4.75321674549e-09
-4.75321673461e-09
-4.75321672328e-09
-4.75321671151e-09
-4.75321669928e-09
-4.75321668661e-09
-4.75321667348e-09
-4.75321665992e-09
-4.7532166459e-09
-4.75321663144e-09
-4.75321661653e-09
-4.75321660118e-09
-4.75321658539e-09
-4.75321656916e-09
-4.75321655248e-09
-4.75321653537e-09
-4.75321651781e-09
-4.75321649982e-09
-4.7532164814e-09
-4.75321646253e-09
-4.75321644324e-09
-4.75321642352e-09
-4.75321640336e-09
-4.75321638278e-09
-4.75321636176e-09
-4.75321634033e-09
-4.75321631847e-09
-4.75321629619e-09
-4.75321627348e-09
-4.75321625036e-09
-4.75321622682e-09
-4.75321620287e-09
-4.75321617851e-09
-4.75321615373e-09
-4.75321612855e-09
-4.75321610296e-09
-4.75321607696e-09
-4.75321605057e-09
-4.75321602377e-09
-4.75321599658e-09
-4.75321596899e-09
-4.75321594101e-09
-4.75321591264e-09
-4.75321588389e-09
-4.75321585474e-09
-4.75321582522e-09
-4.75321579532e-09
-4.75321576503e-09
-4.75321573438e-09
-4.75321570335e-09
-4.75321567196e-09
-4.7532156402e-09
-4.75321560807e-09
-4.75321557559e-09
-4.75321554275e-09
-4.75321550955e-09
-4.75321547601e-09
-4.75321544212e-09
-4.75321540788e-09
-4.7532153733e-09
-4.75321533839e-09
-4.75321530314e-09
-4.75321526756e-09
-4.75321523165e-09
-4.75321519542e-09
-4.75321515886e-09
-4.75321512199e-09
-4.75321508481e-09
-4.75321504731e-09
-4.75321500951e-09
-4.75321497141e-09
-4.75321493301e-09
-4.75321489431e-09
-4.75321485532e-09
-4.75321481604e-09
-4.75321477648e-09
-4.75321473664e-09
-4.75321469652e-09
-4.75321465614e-09
-4.75321461548e-09
-4.75321457456e-09
-4.75321453338e-09
-4.75321449194e-09
-4.75321445026e-09
-4.75321440832e-09
-4.75321436614e-09
-4.75321432373e-09
-4.75321428107e-09
-4.75321423819e-09
-4.75321419508e-09
-4.75321415176e-09
-4.75321410821e-09
-4.75321406445e-09
-4.75321402048e-09
-4.75321397631e-09
-4.75321393194e-09
-4.75321388738e-09
-4.75321384262e-09
-4.75321379768e-09
-4.75321375256e-09
-4.75321370726e-09
-4.75321366179e-09
-4.75321361615e-09
-4.75321357036e-09
-4.7532135244e-09
-4.75321347829e-09
-4.75321343204e-09
-4.75321338564e-09
-4.7532133391e-09
-4.75321329243e-09
-4.75321324563e-09
-4.75321319871e-09
-4.75321315167e-09
-4.75321310452e-09
-4.75321305726e-09
-4.75321300989e-09
-4.75321296243e-09
-4.75321291487e-09
-4.75321286723e-09
-4.7532128195e-09
-4.75321277169e-09
-4.75321272381e-09
-4.75321267586e-09
-4.75321262785e-09
-4.75321257978e-09
-4.75321253166e-09
-4.75321248349e-09
-4.75321243528e-09
-4.75321238704e-09
-4.75321233876e-09
-4.75321229045e-09
-4.75321224212e-09
-4.75321219378e-09
-4.75321214542e-09
-4.75321209706e-09
-4.7532120487e-09
-4.75321200034e-09
-4.753211952e-09
-4.75321190367e-09
-4.75321185536e-09
-4.75321180707e-09
-4.75321175882e-09
-4.7532117106e-09
-4.75321166243e-09
-4.7532116143e-09
-4.75321156623e-09
-4.75321151821e-09
-4.75321147025e-09
-4.75321142237e-09
-4.75321137456e-09
-4.75321132682e-09
-4.75321127918e-09
-4.75321123162e-09
-4.75321118415e-09
-4.75321113679e-09
-4.75321108953e-09
-4.75321104239e-09
-4.75321099536e-09
-4.75321094845e-09
-4.75321090166e-09
-4.75321085501e-09
-4.7532108085e-09
-4.75321076213e-09
-4.75321071591e-09
-4.75321066984e-09
-4.75321062393e-09
-4.75321057818e-09
-4.7532105326e-09
-4.75321048719e-09
-4.75321044197e-09
-4.75321039693e-09
-4.75321035208e-09
-4.75321030742e-09
-4.75321026296e-09
-4.75321021871e-09
-4.75321017467e-09
-4.75321013084e-09
-4.75321008723e-09
-4.75321004385e-09
-4.7532100007e-09
-4.75320995778e-09
-4.75320991511e-09
-4.75320987268e-09
-4.7532098305e-09
-4.75320978857e-09
-4.75320974691e-09
-4.75320970551e-09
-4.75320966438e-09
-4.75320962352e-09
-4.75320958295e-09
-4.75320954266e-09
-4.75320950266e-09
-4.75320946295e-09
-4.75320942355e-09
-4.75320938444e-09
-4.75320934565e-09
-4.75320930717e-09
-4.753209269e-09
-4.75320923116e-09
-4.75320919365e-09
-4.75320915647e-09
-4.75320911962e-09
-4.75320908311e-09
-4.75320904695e-09
-4.75320901114e-09
-4.75320897568e-09
-4.75320894058e-09
-4.75320890585e-09
-4.75320887148e-09
-4.75320883748e-09
-4.75320880386e-09
-4.75320877061e-09
-4.75320873775e-09
-4.75320870528e-09
-4.7532086732e-09
-4.75320864152e-09
-4.75320861024e-09
-4.75320857936e-09
-4.7532085489e-09
-4.75320851884e-09
-4.7532084892e-09
-4.75320845998e-09
-4.75320843118e-09
-4.75320840282e-09
-4.75320837488e-09
-4.75320834738e-09
-4.75320832032e-09
-4.7532082937e-09
-4.75320826752e-09
-4.7532082418e-09
-4.75320821653e-09
-4.75320819171e-09
-4.75320816736e-09
-4.75320814347e-09
-4.75320812004e-09
-4.75320809709e-09
-4.7532080746e-09
-4.7532080526e-09
-4.75320803107e-09
-4.75320801003e-09
-4.75320798947e-09
-4.75320796941e-09
-4.75320794983e-09
-4.75320793075e-09
-4.75320791216e-09
-4.75320789408e-09
-4.7532078765e-09
-4.75320785942e-09
-4.75320784286e-09
-4.7532078268e-09
-4.75320781126e-09
-4.75320779623e-09
-4.75320778172e-09
-4.75320776774e-09
-4.75320775428e-09
-4.75320774134e-09
-4.75320772893e-09
-4.75320771705e-09
-4.75320770571e-09
-4.7532076949e-09
-4.75320768462e-09
-4.75320767489e-09
-4.75320766569e-09
-4.75320765704e-09
-4.75320764893e-09
-4.75320764137e-09
-4.75320763435e-09
-4.75320762789e-09
-4.75320762198e-09
-4.75320761662e-09
-4.75320761181e-09
-4.75320760756e-09
-4.75320760387e-09
-4.75320760073e-09
-4.75320759816e-09
-4.75320759615e-09
-4.7532075947e-09
-4.75320759381e-09
-4.75320759349e-09
-4.75320759373e-09
-4.75320759454e-09
-4.75320759592e-09
-4.75320759786e-09
-4.75320760038e-09
-4.75320760346e-09
-4.75320760712e-09
-4.75320761134e-09
-4.75320761614e-09
-4.75320762151e-09
-4.75320762746e-09
-4.75320763397e-09
-4.75320764106e-09
-4.75320764873e-09
-4.75320765696e-09
-4.75320766577e-09
-4.75320767516e-09
-4.75320768512e-09
-4.75320769565e-09
-4.75320770676e-09
-4.75320771844e-09
-4.7532077307e-09
-4.75320774353e-09
-4.75320775693e-09
-4.75320777091e-09
-4.75320778545e-09
-4.75320780057e-09
-4.75320781626e-09
-4.75320783252e-09
-4.75320784936e-09
-4.75320786676e-09
-4.75320788473e-09
-4.75320790326e-09
-4.75320792237e-09
-4.75320794204e-09
-4.75320796227e-09
-4.75320798307e-09
-4.75320800443e-09
-4.75320802635e-09
-4.75320804883e-09
-4.75320807187e-09
-4.75320809547e-09
-4.75320811962e-09
-4.75320814433e-09
-4.75320816959e-09
-4.75320819541e-09
-4.75320822177e-09
-4.75320824868e-09
-4.75320827613e-09
-4.75320830413e-09
-4.75320833267e-09
-4.75320836176e-09
-4.75320839138e-09
-4.75320842153e-09
-4.75320845222e-09
-4.75320848344e-09
-4.7532085152e-09
-4.75320854748e-09
-4.75320858028e-09
-4.75320861361e-09
-4.75320864745e-09
-4.75320868182e-09
-4.7532087167e-09
-4.75320875209e-09
-4.75320878799e-09
-4.75320882439e-09
-4.75320886131e-09
-4.75320889872e-09
-4.75320893663e-09
-4.75320897503e-09
-4.75320901393e-09
-4.75320905332e-09
-4.75320909319e-09
-4.75320913354e-09
-4.75320917438e-09
-4.75320921569e-09
-4.75320925747e-09
-4.75320929972e-09
-4.75320934244e-09
-4.75320938562e-09
-4.75320942926e-09
-4.75320947336e-09
-4.7532095179e-09
-4.7532095629e-09
-4.75320960833e-09
-4.75320965421e-09
-4.75320970053e-09
-4.75320974727e-09
-4.75320979445e-09
-4.75320984204e-09
-4.75320989006e-09
-4.7532099385e-09
-4.75320998735e-09
-4.7532100366e-09
-4.75321008626e-09
-4.75321013632e-09
-4.75321018677e-09
-4.75321023762e-09
-4.75321028885e-09
-4.75321034046e-09
-4.75321039244e-09
-4.7532104448e-09
-4.75321049753e-09
-4.75321055062e-09
-4.75321060407e-09
-4.75321065788e-09
-4.75321071203e-09
-4.75321076653e-09
-4.75321082136e-09
-4.75321087653e-09
-4.75321093203e-09
-4.75321098785e-09
-4.753211044e-09
-4.75321110045e-09
-4.75321115722e-09
-4.75321121429e-09
-4.75321127165e-09
-4.75321132932e-09
-4.75321138727e-09
-4.7532114455e-09
-4.75321150401e-09
-4.75321156279e-09
-4.75321162184e-09
-4.75321168115e-09
-4.75321174072e-09
-4.75321180053e-09
-4.75321186059e-09
-4.75321192089e-09
-4.75321198143e-09
-4.75321204219e-09
-4.75321210317e-09
-4.75321216437e-09
-4.75321222579e-09
-4.7532122874e-09
-4.75321234922e-09
-4.75321241123e-09
-4.75321247342e-09
-4.7532125358e-09
-4.75321259836e-09
-4.75321266108e-09
-4.75321272397e-09
-4.75321278701e-09
-4.75321285021e-09
-4.75321291356e-09
-4.75321297704e-09
-4.75321304066e-09
-4.7532131044e-09
-4.75321316827e-09
-4.75321323225e-09
-4.75321329634e-09
-4.75321336054e-09
-4.75321342483e-09
-4.75321348921e-09
-4.75321355368e-09
-4.75321361822e-09
-4.75321368284e-09
-4.75321374752e-09
-4.75321381226e-09
-4.75321387706e-09
-4.7532139419e-09
-4.75321400678e-09
-4.7532140717e-09
-4.75321413664e-09
-4.7532142016e-09
-4.75321426658e-09
-4.75321433157e-09
-4.75321439656e-09
-4.75321446155e-09
-4.75321452652e-09
-4.75321459148e-09
-4.75321465641e-09
-4.75321472132e-09
-4.75321478619e-09
-4.75321485101e-09
-4.75321491578e-09
-4.7532149805e-09
-4.75321504516e-09
-4.75321510975e-09
-4.75321517426e-09
-4.75321523869e-09
-4.75321530303e-09
-4.75321536728e-09
-4.75321543142e-09
-4.75321549546e-09
-4.75321555938e-09
-4.75321562318e-09
-4.75321568686e-09
-4.7532157504e-09
-4.7532158138e-09
-4.75321587705e-09
-4.75321594015e-09
-4.75321600309e-09
-4.75321606586e-09
-4.75321612846e-09
-4.75321619088e-09
-4.75321625312e-09
-4.75321631517e-09
-4.75321637701e-09
-4.75321643865e-09
-4.75321650008e-09
-4.75321656129e-09
-4.75321662228e-09
-4.75321668304e-09
-4.75321674356e-09
-4.75321680384e-09
-4.75321686387e-09
-4.75321692364e-09
-4.75321698315e-09
-4.75321704239e-09
-4.75321710136e-09
-4.75321716005e-09
-4.75321721845e-09
-4.75321727656e-09
-4.75321733437e-09
-4.75321739187e-09
-4.75321744906e-09
-4.75321750593e-09
-4.75321756248e-09
-4.7532176187e-09
-4.75321767458e-09
-4.75321773012e-09
-4.75321778532e-09
-4.75321784015e-09
-4.75321789463e-09
-4.75321794875e-09
-4.75321800249e-09
-4.75321805585e-09
-4.75321810883e-09
-4.75321816142e-09
-4.75321821361e-09
-4.75321826541e-09
-4.75321831679e-09
-4.75321836777e-09
-4.75321841832e-09
-4.75321846845e-09
-4.75321851816e-09
-4.75321856742e-09
-4.75321861625e-09
-4.75321866463e-09
-4.75321871256e-09
-4.75321876004e-09
-4.75321880705e-09
-4.75321885359e-09
-4.75321889966e-09
-4.75321894525e-09
-4.75321899036e-09
-4.75321903498e-09
-4.7532190791e-09
-4.75321912273e-09
-4.75321916585e-09
-4.75321920846e-09
-4.75321925056e-09
-4.75321929214e-09
-4.75321933319e-09
-4.75321937372e-09
-4.75321941371e-09
-4.75321945316e-09
-4.75321949207e-09
-4.75321953044e-09
-4.75321956824e-09
-4.7532196055e-09
-4.75321964218e-09
-4.75321967831e-09
-4.75321971386e-09
-4.75321974883e-09
-4.75321978323e-09
-4.75321981704e-09
-4.75321985026e-09
-4.75321988289e-09
-4.75321991493e-09
-4.75321994636e-09
-4.75321997718e-09
-4.7532200074e-09
-4.75322003701e-09
-4.75322006599e-09
-4.75322009436e-09
-4.7532201221e-09
-4.75322014921e-09
-4.75322017569e-09
-4.75322020154e-09
-4.75322022674e-09
-4.75322025131e-09
-4.75322027522e-09
-4.75322029849e-09
-4.7532203211e-09
-4.75322034305e-09
-4.75322036435e-09
-4.75322038498e-09
-4.75322040494e-09
-4.75322042424e-09
-4.75322044286e-09
-4.75322046081e-09
-4.75322047808e-09
-4.75322049466e-09
-4.75322051057e-09
-4.75322052578e-09
-4.75322054031e-09
-4.75322055415e-09
-4.75322056729e-09
-4.75322057973e-09
-4.75322059147e-09
-4.75322060251e-09
-4.75322061285e-09
-4.75322062248e-09
-4.7532206314e-09
-4.75322063961e-09
-4.75322064711e-09
-4.75322065389e-09
-4.75322065996e-09
-4.75322066531e-09
-4.75322066993e-09
-4.75322067384e-09
-4.75322067702e-09
-4.75322067947e-09
-4.7532206812e-09
-4.7532206822e-09
-4.75322068247e-09
-4.75322068201e-09
-4.75322068081e-09
-4.75322067889e-09
-4.75322067622e-09
-4.75322067282e-09
-4.75322066869e-09
-4.75322066382e-09
-4.7532206582e-09
-4.75322065185e-09
-4.75322064476e-09
-4.75322063693e-09
-4.75322062835e-09
-4.75322061904e-09
-4.75322060898e-09
-4.75322059818e-09
-4.75322058663e-09
-4.75322057434e-09
-4.75322056131e-09
-4.75322054753e-09
-4.75322053301e-09
-4.75322051775e-09
-4.75322050174e-09
-4.75322048499e-09
-4.7532204675e-09
-4.75322044926e-09
-4.75322043028e-09
-4.75322041056e-09
-4.7532203901e-09
-4.7532203689e-09
-4.75322034695e-09
-4.75322032427e-09
-4.75322030084e-09
-4.75322027668e-09
-4.75322025179e-09
-4.75322022615e-09
-4.75322019978e-09
-4.75322017268e-09
-4.75322014484e-09
-4.75322011628e-09
-4.75322008698e-09
-4.75322005696e-09
-4.7532200262e-09
-4.75321999473e-09
-4.75321996252e-09
-4.7532199296e-09
-4.75321989596e-09
-4.75321986159e-09
-4.75321982651e-09
-4.75321979072e-09
-4.75321975421e-09
-4.753219717e-09
-4.75321967907e-09
-4.75321964044e-09
-4.75321960111e-09
-4.75321956107e-09
-4.75321952033e-09
-4.7532194789e-09
-4.75321943678e-09
-4.75321939396e-09
-4.75321935046e-09
-4.75321930627e-09
-4.75321926139e-09
-4.75321921584e-09
-4.75321916961e-09
-4.75321912271e-09
-4.75321907514e-09
-4.7532190269e-09
-4.75321897799e-09
-4.75321892843e-09
-4.75321887821e-09
-4.75321882733e-09
-4.7532187758e-09
-4.75321872363e-09
-4.75321867082e-09
-4.75321861736e-09
-4.75321856327e-09
-4.75321850855e-09
-4.7532184532e-09
-4.75321839723e-09
-4.75321834064e-09
-4.75321828343e-09
-4.75321822561e-09
-4.75321816718e-09
-4.75321810815e-09
-4.75321804853e-09
-4.7532179883e-09
-4.75321792749e-09
-4.7532178661e-09
-4.75321780412e-09
-4.75321774157e-09
-4.75321767845e-09
-4.75321761476e-09
-4.75321755051e-09
-4.75321748571e-09
-4.75321742035e-09
-4.75321735445e-09
-4.753217288e-09
-4.75321722102e-09
-4.75321715351e-09
-4.75321708547e-09
-4.75321701691e-09
-4.75321694784e-09
-4.75321687826e-09
-4.75321680817e-09
-4.75321673759e-09
-4.75321666651e-09
-4.75321659495e-09
-4.7532165229e-09
-4.75321645038e-09
-4.75321637739e-09
-4.75321630393e-09
-4.75321623002e-09
-4.75321615565e-09
-4.75321608084e-09
-4.75321600559e-09
-4.7532159299e-09
-4.75321585378e-09
-4.75321577725e-09
-4.75321570029e-09
-4.75321562293e-09
-4.75321554517e-09
-4.75321546701e-09
-4.75321538846e-09
-4.75321530952e-09
-4.75321523021e-09
-4.75321515053e-09
-4.75321507048e-09
-4.75321499008e-09
-4.75321490933e-09
-4.75321482823e-09
-4.75321474679e-09
-4.75321466503e-09
-4.75321458294e-09
-4.75321450054e-09
-4.75321441782e-09
-4.75321433481e-09
-4.7532142515e-09
-4.7532141679e-09
-4.75321408402e-09
-4.75321399986e-09
-4.75321391544e-09
-4.75321383076e-09
-4.75321374583e-09
-4.75321366065e-09
-4.75321357523e-09
-4.75321348958e-09
-4.75321340371e-09
-4.75321331763e-09
-4.75321323133e-09
-4.75321314484e-09
-4.75321305815e-09
-4.75321297128e-09
-4.75321288422e-09
-4.753212797e-09
-4.75321270962e-09
-4.75321262207e-09
-4.75321253439e-09
-4.75321244656e-09
-4.75321235859e-09
-4.75321227051e-09
-4.75321218231e-09
-4.75321209399e-09
-4.75321200558e-09
-4.75321191707e-09
-4.75321182848e-09
-4.75321173981e-09
-4.75321165107e-09
-4.75321156227e-09
-4.75321147342e-09
-4.75321138452e-09
-4.75321129558e-09
-4.75321120661e-09
-4.75321111762e-09
-4.75321102861e-09
-4.7532109396e-09
-4.75321085059e-09
-4.75321076159e-09
-4.75321067261e-09
-4.75321058366e-09
-4.75321049473e-09
-4.75321040586e-09
-4.75321031703e-09
-4.75321022826e-09
-4.75321013955e-09
-4.75321005093e-09
-4.75320996238e-09
-4.75320987393e-09
-4.75320978557e-09
-4.75320969732e-09
-4.75320960919e-09
-4.75320952118e-09
-4.7532094333e-09
-4.75320934557e-09
-4.75320925798e-09
-4.75320917054e-09
-4.75320908327e-09
-4.75320899618e-09
-4.75320890926e-09
-4.75320882253e-09
-4.753208736e-09
-4.75320864968e-09
-4.75320856356e-09
-4.75320847767e-09
-4.75320839201e-09
-4.75320830659e-09
-4.75320822141e-09
-4.75320813648e-09
-4.75320805182e-09
-4.75320796742e-09
-4.75320788331e-09
-4.75320779947e-09
-4.75320771594e-09
-4.7532076327e-09
-4.75320754978e-09
-4.75320746717e-09
-4.75320738489e-09
-4.75320730294e-09
-4.75320722133e-09
-4.75320714008e-09
-4.75320705918e-09
-4.75320697864e-09
-4.75320689848e-09
-4.7532068187e-09
-4.75320673931e-09
-4.75320666032e-09
-4.75320658173e-09
-4.75320650355e-09
-4.75320642579e-09
-4.75320634846e-09
-4.75320627156e-09
-4.75320619511e-09
-4.75320611911e-09
-4.75320604357e-09
-4.75320596849e-09
-4.75320589388e-09
-4.75320581976e-09
-4.75320574612e-09
-4.75320567298e-09
-4.75320560035e-09
-4.75320552822e-09
-4.75320545661e-09
-4.75320538552e-09
-4.75320531497e-09
-4.75320524496e-09
-4.75320517549e-09
-4.75320510658e-09
-4.75320503823e-09
-4.75320497045e-09
-4.75320490324e-09
-4.75320483662e-09
-4.75320477058e-09
-4.75320470514e-09
-4.7532046403e-09
-4.75320457607e-09
-4.75320451246e-09
-4.75320444947e-09
-4.75320438712e-09
-4.75320432539e-09
-4.75320426432e-09
-4.75320420389e-09
-4.75320414412e-09
-4.75320408501e-09
-4.75320402657e-09
-4.7532039688e-09
-4.75320391172e-09
-4.75320385533e-09
-4.75320379963e-09
-4.75320374463e-09
-4.75320369034e-09
-4.75320363676e-09
-4.7532035839e-09
-4.75320353176e-09
-4.75320348036e-09
-4.75320342969e-09
-4.75320337977e-09
-4.75320333059e-09
-4.75320328217e-09
-4.7532032345e-09
-4.75320318761e-09
-4.75320314148e-09
-4.75320309613e-09
-4.75320305156e-09
-4.75320300777e-09
-4.75320296478e-09
-4.75320292259e-09
-4.7532028812e-09
-4.75320284062e-09
-4.75320280084e-09
-4.75320276189e-09
-4.75320272376e-09
-4.75320268646e-09
-4.75320264999e-09
-4.75320261435e-09
-4.75320257956e-09
-4.75320254561e-09
-4.75320251252e-09
-4.75320248028e-09
-4.75320244889e-09
-4.75320241838e-09
-4.75320238873e-09
-4.75320235995e-09
-4.75320233205e-09
-4.75320230503e-09
-4.75320227889e-09
-4.75320225364e-09
-4.75320222929e-09
-4.75320220583e-09
-4.75320218326e-09
-4.75320216161e-09
-4.75320214085e-09
-4.75320212101e-09
-4.75320210208e-09
-4.75320208407e-09
-4.75320206698e-09
-4.75320205081e-09
-4.75320203557e-09
-4.75320202126e-09
-4.75320200788e-09
-4.75320199543e-09
-4.75320198392e-09
-4.75320197336e-09
-4.75320196373e-09
-4.75320195505e-09
-4.75320194732e-09
-4.75320194054e-09
-4.75320193472e-09
-4.75320192985e-09
-4.75320192593e-09
-4.75320192298e-09
-4.75320192099e-09
-4.75320191996e-09
-4.75320191989e-09
-4.75320192079e-09
-4.75320192266e-09
-4.75320192551e-09
-4.75320192932e-09
-4.75320193411e-09
-4.75320193987e-09
-4.7532019466e-09
-4.75320195432e-09
-4.75320196301e-09
-4.75320197268e-09
-4.75320198333e-09
-4.75320199497e-09
-4.75320200758e-09
-4.75320202118e-09
-4.75320203576e-09
-4.75320205132e-09
-4.75320206787e-09
-4.7532020854e-09
-4.75320210392e-09
-4.75320212342e-09
-4.75320214391e-09
-4.75320216538e-09
-4.75320218784e-09
-4.75320221128e-09
-4.7532022357e-09
-4.75320226111e-09
-4.75320228751e-09
-4.75320231489e-09
-4.75320234325e-09
-4.75320237259e-09
-4.75320240292e-09
-4.75320243422e-09
-4.75320246651e-09
-4.75320249977e-09
-4.75320253401e-09
-4.75320256923e-09
-4.75320260543e-09
-4.7532026426e-09
-4.75320268074e-09
-4.75320271985e-09
-4.75320275993e-09
-4.75320280098e-09
-4.75320284299e-09
-4.75320288597e-09
-4.75320292991e-09
-4.75320297481e-09
-4.75320302067e-09
-4.75320306749e-09
-4.75320311526e-09
-4.75320316398e-09
-4.75320321365e-09
-4.75320326426e-09
-4.75320331582e-09
-4.75320336832e-09
-4.75320342176e-09
-4.75320347614e-09
-4.75320353145e-09
-4.75320358768e-09
-4.75320364485e-09
-4.75320370293e-09
-4.75320376194e-09
-4.75320382186e-09
-4.7532038827e-09
-4.75320394445e-09
-4.7532040071e-09
-4.75320407065e-09
-4.7532041351e-09
-4.75320420045e-09
-4.75320426669e-09
-4.75320433381e-09
-4.75320440182e-09
-4.75320447071e-09
-4.75320454047e-09
-4.7532046111e-09
-4.75320468259e-09
-4.75320475495e-09
-4.75320482816e-09
-4.75320490223e-09
-4.75320497714e-09
-4.75320505289e-09
-4.75320512948e-09
-4.7532052069e-09
-4.75320528515e-09
-4.75320536422e-09
-4.75320544411e-09
-4.75320552481e-09
-4.75320560632e-09
-4.75320568863e-09
-4.75320577173e-09
-4.75320585562e-09
-4.75320594029e-09
-4.75320602575e-09
-4.75320611198e-09
-4.75320619897e-09
-4.75320628672e-09
-4.75320637523e-09
-4.75320646449e-09
-4.75320655448e-09
-4.75320664522e-09
-4.75320673668e-09
-4.75320682887e-09
-4.75320692177e-09
-4.75320701539e-09
-4.75320710971e-09
-4.75320720472e-09
-4.75320730043e-09
-4.75320739681e-09
-4.75320749388e-09
-4.75320759161e-09
-4.75320769001e-09
-4.75320778906e-09
-4.75320788876e-09
-4.7532079891e-09
-4.75320809008e-09
-4.75320819168e-09
-4.7532082939e-09
-4.75320839674e-09
-4.75320850017e-09
-4.75320860421e-09
-4.75320870883e-09
-4.75320881403e-09
-4.75320891981e-09
-4.75320902615e-09
-4.75320913305e-09
-4.7532092405e-09
-4.75320934849e-09
-4.75320945701e-09
-4.75320956606e-09
-4.75320967563e-09
-4.7532097857e-09
-4.75320989628e-09
-4.75321000735e-09
-4.7532101189e-09
-4.75321023093e-09
-4.75321034342e-09
-4.75321045637e-09
-4.75321056978e-09
-4.75321068362e-09
-4.75321079789e-09
-4.75321091259e-09
-4.75321102771e-09
-4.75321114323e-09
-4.75321125914e-09
-4.75321137545e-09
-4.75321149213e-09
-4.75321160918e-09
-4.7532117266e-09
-4.75321184436e-09
-4.75321196247e-09
-4.75321208091e-09
-4.75321219968e-09
-4.75321231876e-09
-4.75321243814e-09
-4.75321255783e-09
-4.75321267779e-09
-4.75321279804e-09
-4.75321291855e-09
-4.75321303932e-09
-4.75321316034e-09
-4.7532132816e-09
-4.75321340308e-09
-4.75321352479e-09
-4.7532136467e-09
-4.75321376882e-09
-4.75321389112e-09
-4.75321401361e-09
-4.75321413627e-09
-4.75321425908e-09
-4.75321438205e-09
-4.75321450516e-09
-4.7532146284e-09
-4.75321475176e-09
-4.75321487523e-09
-4.7532149988e-09
-4.75321512246e-09
-4.7532152462e-09
-4.75321537002e-09
-4.75321549389e-09
-4.75321561781e-09
-4.75321574178e-09
-4.75321586577e-09
-4.75321598978e-09
-4.75321611381e-09
-4.75321623783e-09
-4.75321636184e-09
-4.75321648583e-09
-4.75321660979e-09
-4.7532167337e-09
-4.75321685756e-09
-4.75321698137e-09
-4.75321710509e-09
-4.75321722874e-09
-4.75321735229e-09
-4.75321747574e-09
-4.75321759907e-09
-4.75321772228e-09
-4.75321784535e-09
-4.75321796828e-09
-4.75321809105e-09
-4.75321821365e-09
-4.75321833608e-09
-4.75321845832e-09
-4.75321858037e-09
-4.7532187022e-09
-4.75321882382e-09
-4.75321894521e-09
-4.75321906636e-09
-4.75321918726e-09
-4.7532193079e-09
-4.75321942827e-09
-4.75321954836e-09
-4.75321966816e-09
-4.75321978766e-09
-4.75321990684e-09
-4.7532200257e-09
-4.75322014423e-09
-4.75322026242e-09
-4.75322038025e-09
-4.75322049773e-09
-4.75322061482e-09
-4.75322073154e-09
-4.75322084785e-09
-4.75322096377e-09
-4.75322107927e-09
-4.75322119434e-09
-4.75322130898e-09
-4.75322142317e-09
-4.75322153691e-09
-4.75322165018e-09
-4.75322176298e-09
-4.75322187529e-09
-4.7532219871e-09
-4.75322209841e-09
-4.7532222092e-09
-4.75322231947e-09
-4.7532224292e-09
-4.75322253838e-09
-4.75322264701e-09
-4.75322275507e-09
-4.75322286256e-09
-4.75322296946e-09
-4.75322307577e-09
-4.75322318147e-09
-4.75322328655e-09
-4.75322339102e-09
-4.75322349484e-09
-4.75322359803e-09
-4.75322370056e-09
-4.75322380243e-09
-4.75322390362e-09
-4.75322400413e-09
-4.75322410396e-09
-4.75322420308e-09
-4.75322430149e-09
-4.75322439918e-09
-4.75322449614e-09
-4.75322459237e-09
-4.75322468785e-09
-4.75322478257e-09
-4.75322487652e-09
-4.75322496971e-09
-4.75322506211e-09
-4.75322515371e-09
-4.75322524452e-09
-4.75322533452e-09
-4.75322542369e-09
-4.75322551204e-09
-4.75322559956e-09
-4.75322568623e-09
-4.75322577204e-09
-4.753225857e-09
-4.75322594108e-09
-4.75322602428e-09
-4.7532261066e-09
-4.75322618802e-09
-4.75322626854e-09
-4.75322634815e-09
-4.75322642684e-09
-4.7532265046e-09
-4.75322658142e-09
-4.7532266573e-09
-4.75322673223e-09
-4.75322680619e-09
-4.75322687919e-09
-4.75322695122e-09
-4.75322702226e-09
-4.75322709231e-09
-4.75322716137e-09
-4.75322722942e-09
-4.75322729646e-09
-4.75322736247e-09
-4.75322742747e-09
-4.75322749142e-09
-4.75322755434e-09
-4.75322761621e-09
-4.75322767702e-09
-4.75322773677e-09
-4.75322779545e-09
-4.75322785306e-09
-4.75322790959e-09
-4.75322796502e-09
-4.75322801937e-09
-4.75322807261e-09
-4.75322812474e-09
-4.75322817576e-09
-4.75322822566e-09
-4.75322827444e-09
-4.75322832208e-09
-4.75322836858e-09
-4.75322841394e-09
-4.75322845815e-09
-4.75322850121e-09
-4.7532285431e-09
-4.75322858383e-09
-4.75322862339e-09
-4.75322866177e-09
-4.75322869897e-09
-4.75322873498e-09
-4.75322876979e-09
-4.75322880341e-09
-4.75322883583e-09
-4.75322886704e-09
-4.75322889704e-09
-4.75322892582e-09
-4.75322895338e-09
-4.75322897972e-09
-4.75322900483e-09
-4.7532290287e-09
-4.75322905133e-09
-4.75322907272e-09
-4.75322909286e-09
-4.75322911176e-09
-4.7532291294e-09
-4.75322914578e-09
-4.7532291609e-09
-4.75322917475e-09
-4.75322918734e-09
-4.75322919865e-09
-4.75322920869e-09
-4.75322921745e-09
-4.75322922493e-09
-4.75322923113e-09
-4.75322923603e-09
-4.75322923965e-09
-4.75322924198e-09
-4.753229243e-09
-4.75322924274e-09
-4.75322924117e-09
-4.7532292383e-09
-4.75322923412e-09
-4.75322922864e-09
-4.75322922185e-09
-4.75322921375e-09
-4.75322920433e-09
-4.75322919361e-09
-4.75322918156e-09
-4.7532291682e-09
-4.75322915352e-09
-4.75322913753e-09
-4.75322912021e-09
-4.75322910157e-09
-4.7532290816e-09
-4.75322906031e-09
-4.7532290377e-09
-4.75322901376e-09
-4.7532289885e-09
-4.75322896191e-09
-4.75322893399e-09
-4.75322890475e-09
-4.75322887418e-09
-4.75322884228e-09
-4.75322880906e-09
-4.75322877451e-09
-4.75322873863e-09
-4.75322870143e-09
-4.7532286629e-09
-4.75322862304e-09
-4.75322858186e-09
-4.75322853936e-09
-4.75322849554e-09
-4.75322845039e-09
-4.75322840392e-09
-4.75322835613e-09
-4.75322830703e-09
-4.75322825661e-09
-4.75322820487e-09
-4.75322815182e-09
-4.75322809746e-09
-4.75322804178e-09
-4.7532279848e-09
-4.75322792652e-09
-4.75322786693e-09
-4.75322780604e-09
-4.75322774385e-09
-4.75322768036e-09
-4.75322761558e-09
-4.75322754951e-09
-4.75322748215e-09
-4.7532274135e-09
-4.75322734357e-09
-4.75322727236e-09
-4.75322719988e-09
-4.75322712612e-09
-4.75322705109e-09
-4.7532269748e-09
-4.75322689724e-09
-4.75322681843e-09
-4.75322673836e-09
-4.75322665704e-09
-4.75322657447e-09
-4.75322649066e-09
-4.75322640561e-09
-4.75322631933e-09
-4.75322623182e-09
-4.75322614308e-09
-4.75322605312e-09
-4.75322596195e-09
-4.75322586956e-09
-4.75322577597e-09
-4.75322568118e-09
-4.7532255852e-09
-4.75322548802e-09
-4.75322538966e-09
-4.75322529012e-09
-4.7532251894e-09
-4.75322508752e-09
-4.75322498447e-09
-4.75322488027e-09
-4.75322477492e-09
-4.75322466842e-09
-4.75322456078e-09
-4.75322445201e-09
-4.75322434212e-09
-4.75322423111e-09
-4.75322411898e-09
-4.75322400575e-09
-4.75322389142e-09
-4.753223776e-09
-4.75322365949e-09
-4.7532235419e-09
-4.75322342324e-09
-4.75322330352e-09
-4.75322318274e-09
-4.75322306091e-09
-4.75322293804e-09
-4.75322281413e-09
-4.7532226892e-09
-4.75322256325e-09
-4.75322243629e-09
-4.75322230833e-09
-4.75322217937e-09
-4.75322204943e-09
-4.7532219185e-09
-4.75322178661e-09
-4.75322165376e-09
-4.75322151995e-09
-4.7532213852e-09
-4.75322124951e-09
-4.75322111289e-09
-4.75322097536e-09
-4.75322083692e-09
-4.75322069757e-09
-4.75322055734e-09
-4.75322041623e-09
-4.75322027424e-09
-4.75322013139e-09
-4.75321998768e-09
-4.75321984313e-09
-4.75321969775e-09
-4.75321955154e-09
-4.75321940452e-09
-4.75321925669e-09
-4.75321910806e-09
-4.75321895865e-09
-4.75321880847e-09
-4.75321865751e-09
-4.75321850581e-09
-4.75321835336e-09
-4.75321820017e-09
-4.75321804627e-09
-4.75321789164e-09
-4.75321773632e-09
-4.7532175803e-09
-4.7532174236e-09
-4.75321726624e-09
-4.75321710821e-09
-4.75321694953e-09
-4.75321679022e-09
-4.75321663028e-09
-4.75321646972e-09
-4.75321630856e-09
-4.75321614681e-09
-4.75321598447e-09
-4.75321582157e-09
-4.7532156581e-09
-4.75321549409e-09
-4.75321532954e-09
-4.75321516447e-09
-4.75321499889e-09
-4.75321483281e-09
-4.75321466623e-09
-4.75321449918e-09
-4.75321433167e-09
-4.7532141637e-09
-4.75321399529e-09
-4.75321382646e-09
-4.7532136572e-09
-4.75321348755e-09
-4.7532133175e-09
-4.75321314707e-09
-4.75321297627e-09
-4.75321280512e-09
-4.75321263362e-09
-4.7532124618e-09
-4.75321228965e-09
-4.75321211721e-09
-4.75321194447e-09
-4.75321177145e-09
-4.75321159816e-09
-4.75321142462e-09
-4.75321125083e-09
-4.75321107682e-09
-4.75321090259e-09
-4.75321072816e-09
-4.75321055354e-09
-4.75321037875e-09
-4.75321020379e-09
-4.75321002867e-09
-4.75320985342e-09
-4.75320967805e-09
-4.75320950256e-09
-4.75320932698e-09
-4.75320915131e-09
-4.75320897557e-09
-4.75320879977e-09
-4.75320862392e-09
-4.75320844804e-09
-4.75320827215e-09
-4.75320809624e-09
-4.75320792035e-09
-4.75320774448e-09
-4.75320756864e-09
-4.75320739285e-09
-4.75320721712e-09
-4.75320704147e-09
-4.75320686591e-09
-4.75320669045e-09
-4.7532065151e-09
-4.75320633988e-09
-4.75320616481e-09
-4.75320598989e-09
-4.75320581515e-09
-4.75320564058e-09
-4.75320546622e-09
-4.75320529206e-09
-4.75320511813e-09
-4.75320494444e-09
-4.75320477099e-09
-4.75320459782e-09
-4.75320442492e-09
-4.75320425232e-09
-4.75320408002e-09
-4.75320390804e-09
-4.75320373639e-09
-4.7532035651e-09
-4.75320339416e-09
-4.7532032236e-09
-4.75320305342e-09
-4.75320288365e-09
-4.75320271429e-09
-4.75320254536e-09
-4.75320237687e-09
-4.75320220884e-09
-4.75320204128e-09
-4.7532018742e-09
-4.75320170761e-09
-4.75320154154e-09
-4.75320137599e-09
-4.75320121098e-09
-4.75320104652e-09
-4.75320088262e-09
-4.7532007193e-09
-4.75320055657e-09
-4.75320039444e-09
-4.75320023293e-09
-4.75320007206e-09
-4.75319991182e-09
-4.75319975225e-09
-4.75319959334e-09
-4.75319943512e-09
-4.7531992776e-09
-4.75319912079e-09
-4.7531989647e-09
-4.75319880934e-09
-4.75319865474e-09
-4.7531985009e-09
-4.75319834784e-09
-4.75319819556e-09
-4.75319804409e-09
-4.75319789343e-09
-4.75319774359e-09
-4.7531975946e-09
-4.75319744646e-09
-4.75319729919e-09
-4.7531971528e-09
-4.75319700729e-09
-4.75319686269e-09
-4.75319671901e-09
-4.75319657626e-09
-4.75319643444e-09
-4.75319629358e-09
-4.75319615369e-09
-4.75319601477e-09
-4.75319587685e-09
-4.75319573993e-09
-4.75319560402e-09
-4.75319546914e-09
-4.7531953353e-09
-4.75319520251e-09
-4.75319507079e-09
-4.75319494014e-09
-4.75319481057e-09
-4.75319468211e-09
-4.75319455475e-09
-4.75319442852e-09
-4.75319430341e-09
-4.75319417946e-09
-4.75319405666e-09
-4.75319393503e-09
-4.75319381457e-09
-4.75319369531e-09
-4.75319357725e-09
-4.7531934604e-09
-4.75319334477e-09
-4.75319323038e-09
-4.75319311723e-09
-4.75319300534e-09
-4.75319289472e-09
-4.75319278537e-09
-4.75319267731e-09
-4.75319257055e-09
-4.7531924651e-09
-4.75319236097e-09
-4.75319225816e-09
-4.7531921567e-09
-4.75319205658e-09
-4.75319195783e-09
-4.75319186044e-09
-4.75319176444e-09
-4.75319166982e-09
-4.7531915766e-09
-4.75319148479e-09
-4.7531913944e-09
-4.75319130543e-09
-4.7531912179e-09
-4.75319113182e-09
-4.75319104719e-09
-4.75319096403e-09
-4.75319088234e-09
-4.75319080212e-09
-4.7531907234e-09
-4.75319064618e-09
-4.75319057047e-09
-4.75319049627e-09
-4.7531904236e-09
-4.75319035246e-09
-4.75319028285e-09
-4.7531902148e-09
-4.75319014831e-09
-4.75319008338e-09
-4.75319002002e-09
-4.75318995824e-09
-4.75318989805e-09
-4.75318983945e-09
-4.75318978246e-09
-4.75318972708e-09
-4.75318967331e-09
-4.75318962117e-09
-4.75318957065e-09
-4.75318952178e-09
-4.75318947454e-09
-4.75318942896e-09
-4.75318938504e-09
-4.75318934278e-09
-4.75318930219e-09
-4.75318926327e-09
-4.75318922604e-09
-4.75318919049e-09
-4.75318915664e-09
-4.75318912449e-09
-4.75318909404e-09
-4.7531890653e-09
-4.75318903828e-09
-4.75318901297e-09
-4.7531889894e-09
-4.75318896755e-09
-4.75318894744e-09
-4.75318892907e-09
-4.75318891245e-09
-4.75318889757e-09
-4.75318888445e-09
-4.75318887309e-09
-4.75318886349e-09
-4.75318885565e-09
-4.75318884959e-09
-4.7531888453e-09
-4.75318884278e-09
-4.75318884205e-09
-4.7531888431e-09
-4.75318884594e-09
-4.75318885057e-09
-4.753188857e-09
-4.75318886522e-09
-4.75318887524e-09
-4.75318888706e-09
-4.75318890069e-09
-4.75318891613e-09
-4.75318893337e-09
-4.75318895242e-09
-4.75318897329e-09
-4.75318899597e-09
-4.75318902047e-09
-4.75318904679e-09
-4.75318907493e-09
-4.75318910489e-09
-4.75318913667e-09
-4.75318917028e-09
-4.75318920571e-09
-4.75318924297e-09
-4.75318928205e-09
-4.75318932296e-09
-4.75318936569e-09
-4.75318941026e-09
-4.75318945665e-09
-4.75318950487e-09
-4.75318955491e-09
-4.75318960678e-09
-4.75318966048e-09
-4.75318971601e-09
-4.75318977336e-09
-4.75318983254e-09
-4.75318989354e-09
-4.75318995636e-09
-4.753190021e-09
-4.75319008747e-09
-4.75319015575e-09
-4.75319022586e-09
-4.75319029777e-09
-4.7531903715e-09
-4.75319044705e-09
-4.7531905244e-09
-4.75319060356e-09
-4.75319068452e-09
-4.75319076729e-09
-4.75319085186e-09
-4.75319093822e-09
-4.75319102638e-09
-4.75319111633e-09
-4.75319120807e-09
-4.75319130159e-09
-4.75319139689e-09
-4.75319149397e-09
-4.75319159283e-09
-4.75319169345e-09
-4.75319179584e-09
-4.7531919e-09
-4.7531920059e-09
-4.75319211357e-09
-4.75319222298e-09
-4.75319233413e-09
-4.75319244703e-09
-4.75319256165e-09
-4.75319267801e-09
-4.75319279609e-09
-4.75319291589e-09
-4.7531930374e-09
-4.75319316062e-09
-4.75319328554e-09
-4.75319341216e-09
-4.75319354047e-09
-4.75319367046e-09
-4.75319380213e-09
-4.75319393547e-09
-4.75319407047e-09
-4.75319420713e-09
-4.75319434544e-09
-4.7531944854e-09
-4.753194627e-09
-4.75319477022e-09
-4.75319491507e-09
-4.75319506153e-09
-4.7531952096e-09
-4.75319535927e-09
-4.75319551053e-09
-4.75319566337e-09
-4.75319581779e-09
-4.75319597378e-09
-4.75319613133e-09
-4.75319629043e-09
-4.75319645108e-09
-4.75319661325e-09
-4.75319677695e-09
-4.75319694217e-09
-4.7531971089e-09
-4.75319727712e-09
-4.75319744683e-09
-4.75319761802e-09
-4.75319779069e-09
-4.75319796481e-09
-4.75319814038e-09
-4.75319831739e-09
-4.75319849583e-09
-4.75319867569e-09
-4.75319885696e-09
-4.75319903963e-09
-4.75319922369e-09
-4.75319940913e-09
-4.75319959594e-09
-4.7531997841e-09
-4.75319997361e-09
-4.75320016445e-09
-4.75320035661e-09
-4.75320055009e-09
-4.75320074487e-09
-4.75320094094e-09
-4.75320113828e-09
-4.7532013369e-09
-4.75320153676e-09
-4.75320173787e-09
-4.75320194021e-09
-4.75320214376e-09
-4.75320234852e-09
-4.75320255447e-09
-4.75320276161e-09
-4.75320296991e-09
-4.75320317937e-09
-4.75320338997e-09
-4.7532036017e-09
-4.75320381454e-09
-4.75320402849e-09
-4.75320424353e-09
-4.75320445965e-09
-4.75320467683e-09
-4.75320489506e-09
-4.75320511432e-09
-4.75320533461e-09
-4.75320555591e-09
-4.7532057782e-09
-4.75320600147e-09
-4.75320622571e-09
-4.75320645091e-09
-4.75320667704e-09
-4.75320690409e-09
-4.75320713206e-09
-4.75320736092e-09
-4.75320759066e-09
-4.75320782127e-09
-4.75320805272e-09
-4.75320828502e-09
-4.75320851813e-09
-4.75320875205e-09
-4.75320898676e-09
-4.75320922225e-09
-4.7532094585e-09
-4.75320969549e-09
-4.75320993322e-09
-4.75321017165e-09
-4.75321041079e-09
-4.75321065061e-09
-4.75321089109e-09
-4.75321113223e-09
-4.753211374e-09
-4.7532116164e-09
-4.75321185939e-09
-4.75321210298e-09
-4.75321234713e-09
-4.75321259184e-09
-4.75321283709e-09
-4.75321308286e-09
-4.75321332914e-09
-4.7532135759e-09
-4.75321382314e-09
-4.75321407084e-09
-4.75321431897e-09
-4.75321456753e-09
-4.75321481649e-09
-4.75321506584e-09
-4.75321531557e-09
-4.75321556565e-09
-4.75321581607e-09
-4.75321606681e-09
-4.75321631785e-09
-4.75321656918e-09
-4.75321682078e-09
-4.75321707264e-09
-4.75321732473e-09
-4.75321757703e-09
-4.75321782954e-09
-4.75321808223e-09
-4.75321833509e-09
-4.75321858809e-09
-4.75321884123e-09
-4.75321909447e-09
-4.75321934782e-09
-4.75321960124e-09
-4.75321985472e-09
-4.75322010824e-09
-4.75322036178e-09
-4.75322061534e-09
-4.75322086888e-09
-4.75322112239e-09
-4.75322137586e-09
-4.75322162926e-09
-4.75322188258e-09
-4.75322213579e-09
-4.75322238889e-09
-4.75322264185e-09
-4.75322289466e-09
-4.75322314729e-09
-4.75322339973e-09
-4.75322365197e-09
-4.75322390397e-09
-4.75322415573e-09
-4.75322440723e-09
-4.75322465845e-09
-4.75322490936e-09
-4.75322515996e-09
-4.75322541022e-09
-4.75322566013e-09
-4.75322590966e-09
-4.75322615881e-09
-4.75322640754e-09
-4.75322665585e-09
-4.75322690372e-09
-4.75322715112e-09
-4.75322739803e-09
-4.75322764445e-09
-4.75322789035e-09
-4.75322813572e-09
-4.75322838053e-09
-4.75322862477e-09
-4.75322886841e-09
-4.75322911145e-09
-4.75322935386e-09
-4.75322959563e-09
-4.75322983673e-09
-4.75323007715e-09
-4.75323031688e-09
-4.75323055588e-09
-4.75323079415e-09
-4.75323103167e-09
-4.75323126841e-09
-4.75323150437e-09
-4.75323173952e-09
-4.75323197384e-09
-4.75323220732e-09
-4.75323243994e-09
-4.75323267168e-09
-4.75323290252e-09
-4.75323313245e-09
-4.75323336145e-09
-4.7532335895e-09
-4.75323381658e-09
-4.75323404267e-09
-4.75323426777e-09
-4.75323449184e-09
-4.75323471487e-09
-4.75323493685e-09
-4.75323515776e-09
-4.75323537758e-09
-4.75323559629e-09
-4.75323581387e-09
-4.75323603031e-09
-4.7532362456e-09
-4.7532364597e-09
-4.75323667262e-09
-4.75323688432e-09
-4.7532370948e-09
-4.75323730404e-09
-4.75323751201e-09
-4.7532377187e-09
-4.7532379241e-09
-4.75323812819e-09
-4.75323833095e-09
-4.75323853237e-09
-4.75323873243e-09
-4.7532389311e-09
-4.75323912839e-09
-4.75323932427e-09
-4.75323951872e-09
-4.75323971172e-09
-4.75323990327e-09
-4.75324009335e-09
-4.75324028193e-09
-4.75324046901e-09
-4.75324065457e-09
-4.75324083859e-09
-4.75324102105e-09
-4.75324120195e-09
-4.75324138127e-09
-4.75324155898e-09
-4.75324173508e-09
-4.75324190955e-09
-4.75324208238e-09
-4.75324225354e-09
-4.75324242303e-09
-4.75324259083e-09
-4.75324275693e-09
-4.75324292131e-09
-4.75324308395e-09
-4.75324324485e-09
-4.75324340398e-09
-4.75324356134e-09
-4.7532437169e-09
-4.75324387066e-09
-4.7532440226e-09
-4.75324417271e-09
-4.75324432097e-09
-4.75324446738e-09
-4.7532446119e-09
-4.75324475454e-09
-4.75324489528e-09
-4.75324503411e-09
-4.75324517101e-09
-4.75324530597e-09
-4.75324543898e-09
-4.75324557002e-09
-4.75324569908e-09
-4.75324582615e-09
-4.75324595122e-09
-4.75324607427e-09
-4.75324619529e-09
-4.75324631428e-09
-4.75324643121e-09
)
;

boundaryField
{
    top
    {
        type            calculated;
        value           uniform -4.753213e-09;
    }
    bottom
    {
        type            calculated;
        value           uniform 4.75321300001e-09;
    }
    sides
    {
        type            empty;
    }
}


// ************************************************************************* //
