/*--------------------------------*- C++ -*----------------------------------*\
| =========                 |                                                 |
| \\      /  F ield         | OpenFOAM: The Open Source CFD Toolbox           |
|  \\    /   O peration     | Version:  2406                                  |
|   \\  /    A nd           | Website:  www.openfoam.com                      |
|    \\/     M anipulation  |                                                 |
\*---------------------------------------------------------------------------*/
FoamFile
{
    version     2.0;
    format      ascii;
    arch        "LSB;label=32;scalar=64";
    class       volScalarField;
    location    "159";
    object      theta;
}
// * * * * * * * * * * * * * * * * * * * * * * * * * * * * * * * * * * * * * //

dimensions      [0 0 0 0 0 0 0];

internalField   nonuniform List<scalar> 
5009
(
0.24249159798
0.240597875311
0.23813106112
0.235336620979
0.232347495505
0.229250231877
0.226104821035
0.222953842982
0.219827690483
0.216747935746
0.213729655563
0.210783102341
0.207914933194
0.205129126446
0.202427670643
0.199811085051
0.197278813907
0.194829525407
0.192461338425
0.190171994257
0.187958986395
0.185819658258
0.183751276384
0.181751084848
0.179816345309
0.177944366046
0.176132522605
0.174378272019
0.172679162166
0.171032837429
0.16943704158
0.167889618594
0.166388511928
0.164931762686
0.163517506998
0.162143972844
0.160809476527
0.15951241893
0.158251281662
0.157024623182
0.155831074954
0.154669337681
0.153538177647
0.152436423185
0.151362961296
0.150316734411
0.149296737314
0.148302014219
0.147331656002
0.146384797586
0.145460615466
0.144558325386
0.143677180139
0.142816467505
0.141975508305
0.141153654575
0.140350287847
0.139564817533
0.138796679405
0.138045334172
0.137310266133
0.136590981919
0.135887009307
0.135197896102
0.134523209091
0.133862533054
0.133215469833
0.132581637464
0.131960669344
0.131352213462
0.130755931666
0.13017149897
0.129598602909
0.129036942921
0.12848622977
0.127946184999
0.127416540414
0.126897037595
0.126387427434
0.125887469702
0.125396932632
0.124915592532
0.124443233414
0.123979646641
0.123524630602
0.12307799039
0.122639537509
0.122209089588
0.121786470116
0.121371508184
0.120964038246
0.120563899887
0.120170937607
0.119785000613
0.11940594262
0.119033621667
0.118667899937
0.118308643587
0.117955722587
0.117609010566
0.117268384669
0.11693372541
0.116604916549
0.116281844958
0.115964400502
0.115652475929
0.115345966751
0.11504477115
0.11474878987
0.114457926125
0.11417208551
0.113891175911
0.113615107423
0.113343792273
0.113077144742
0.112815081095
0.112557519509
0.112304380012
0.112055584415
0.111811056254
0.111570720733
0.111334504669
0.111102336439
0.110874145929
0.110649864485
0.110429424872
0.110212761222
0.109999808999
0.109790504955
0.109584787092
0.109382594623
0.109183867941
0.108988548582
0.108796579192
0.108607903496
0.10842246627
0.108240213311
0.108061091408
0.107885048319
0.107712032742
0.107541994293
0.107374883482
0.107210651691
0.107049251152
0.106890634926
0.106734756884
0.106581571686
0.106431034766
0.106283102312
0.106137731247
0.105994879219
0.105854504577
0.105716566363
0.105581024293
0.105447838744
0.105316970742
0.105188381945
0.105062034636
0.104937891704
0.104815916638
0.104696073513
0.104578326977
0.104462642245
0.104348985085
0.104237321808
0.10412761926
0.104019844811
0.103913966349
0.103809952266
0.103707771452
0.103607393287
0.103508787634
0.103411924827
0.103316775666
0.103223311412
0.103131503772
0.1030413249
0.102952747385
0.102865744247
0.102780288929
0.102696355288
0.102613917594
0.10253295052
0.102453429135
0.102375328904
0.102298625673
0.102223295672
0.102149315504
0.10207666214
0.102005312917
0.101935245528
0.10186643802
0.101798868789
0.101732516572
0.101667360445
0.101603379816
0.101540554423
0.101478864325
0.101418289903
0.101358811849
0.101300411166
0.101243069162
0.101186767447
0.101131487927
0.101077212799
0.101023924549
0.100971605947
0.100920240043
0.100869810163
0.100820299902
0.100771693127
0.100723973966
0.100677126809
0.100631136301
0.100585987341
0.100541665074
0.100498154894
0.100455442434
0.100413513568
0.1003723544
0.10033195127
0.100292290742
0.100253359608
0.100215144878
0.10017763378
0.100140813758
0.100104672466
0.100069197767
0.100034377729
0.100000200619
0.0999666549075
0.0999337292568
0.0999014125237
0.0998696937546
0.0998385621826
0.0998080072248
0.0997780184798
0.099748585724
0.09971969891
0.0996913481628
0.0996635237778
0.0996362162177
0.0996094161104
0.0995831142457
0.0995573015732
0.0995319691999
0.0995071083872
0.0994827105489
0.0994587672484
0.0994352701966
0.0994122112495
0.0993895824055
0.0993673758037
0.0993455837212
0.0993241985707
0.099303212899
0.0992826193839
0.099262410833
0.0992425801807
0.0992231204868
0.0992040249338
0.0991852868257
0.099166899585
0.0991488567515
0.0991311519802
0.0991137790391
0.0990967318074
0.0990800042739
0.0990635905349
0.0990474847925
0.0990316813527
0.0990161746239
0.0990009591147
0.0989860294329
0.098971380283
0.0989570064653
0.0989429028738
0.0989290644946
0.0989154864046
0.0989021637698
0.0988890918438
0.098876265966
0.0988636815607
0.098851334135
0.0988392192779
0.0988273326586
0.098815670025
0.0988042272027
0.0987930000934
0.0987819846733
0.0987711769926
0.0987605731733
0.0987501694084
0.0987399619609
0.0987299471619
0.09872012141
0.0987104811697
0.0987010229706
0.0986917434058
0.0986826391314
0.0986737068646
0.0986649433834
0.0986563455249
0.0986479101845
0.0986396343152
0.0986315149257
0.0986235490804
0.0986157338976
0.098608066549
0.0986005442588
0.0985931643023
0.0985859240052
0.0985788207432
0.09857185194
0.0985650150677
0.0985583076449
0.0985517272363
0.0985452714521
0.0985389379466
0.0985327244178
0.0985266286067
0.0985206482961
0.0985147813101
0.0985090255135
0.0985033788107
0.0984978391453
0.0984924044991
0.0984870728916
0.0984818423794
0.0984767110552
0.0984716770474
0.0984667385193
0.0984618936688
0.0984571407271
0.0984524779587
0.0984479036607
0.0984434161617
0.098439013822
0.0984346950323
0.0984304582136
0.0984263018166
0.0984222243209
0.0984182242345
0.0984143000936
0.0984104504618
0.0984066739297
0.0984029691143
0.0983993346585
0.098395769231
0.0983922715251
0.098388840259
0.0983854741748
0.0983821720383
0.0983789326387
0.0983757547877
0.0983726373194
0.0983695790902
0.0983665789776
0.0983636358804
0.0983607487182
0.098357916431
0.0983551379785
0.0983524123404
0.0983497385153
0.0983471155209
0.0983445423933
0.0983420181868
0.0983395419737
0.0983371128437
0.0983347299035
0.098332392277
0.0983300991044
0.0983278495422
0.0983256427629
0.0983234779546
0.0983213543207
0.0983192710797
0.0983172274648
0.0983152227239
0.0983132561188
0.0983113269256
0.0983094344338
0.0983075779465
0.0983057567799
0.0983039702633
0.0983022177386
0.09830049856
0.0982988120942
0.0982971577196
0.0982955348267
0.0982939428173
0.0982923811046
0.0982908491129
0.0982893462774
0.098287872044
0.0982864258692
0.0982850072197
0.0982836155723
0.0982822504138
0.0982809112406
0.0982795975587
0.0982783088836
0.0982770447398
0.0982758046608
0.0982745881893
0.0982733948762
0.0982722242811
0.0982710759722
0.0982699495255
0.0982688445253
0.0982677605638
0.0982666972406
0.0982656541635
0.0982646309471
0.0982636272138
0.0982626425929
0.0982616767208
0.0982607292409
0.0982597998033
0.0982588880647
0.0982579936884
0.098257116344
0.0982562557075
0.0982554114609
0.0982545832924
0.0982537708961
0.0982529739718
0.098252192225
0.098251425367
0.0982506731143
0.0982499351891
0.0982492113187
0.0982485012355
0.0982478046771
0.0982471213861
0.09824645111
0.098245793601
0.0982451486162
0.098244515917
0.0982438952698
0.0982432864449
0.0982426892174
0.0982421033665
0.0982415286756
0.0982409649322
0.098240411928
0.0982398694584
0.0982393373229
0.0982388153247
0.0982383032709
0.098237800972
0.0982373082423
0.0982368248997
0.0982363507654
0.098235885664
0.0982354294236
0.0982349818754
0.0982345428539
0.0982341121967
0.0982336897445
0.0982332753412
0.0982328688333
0.0982324700706
0.0982320789056
0.0982316951935
0.0982313187924
0.0982309495631
0.098230587369
0.0982302320761
0.098229883553
0.0982295416707
0.0982292063027
0.098228877325
0.0982285546158
0.0982282380558
0.0982279275279
0.0982276229171
0.0982273241107
0.0982270309982
0.098226743471
0.098226461423
0.0982261847495
0.0982259133484
0.098225647119
0.098225385963
0.0982251297837
0.0982248784863
0.0982246319777
0.0982243901668
0.098224152964
0.0982239202816
0.0982236920335
0.0982234681351
0.0982232485037
0.0982230330579
0.0982228217179
0.0982226144056
0.0982224110443
0.0982222115586
0.0982220158747
0.0982218239202
0.098221635624
0.0982214509164
0.0982212697291
0.098221091995
0.0982209176482
0.0982207466243
0.0982205788599
0.098220414293
0.0982202528625
0.0982200945088
0.0982199391732
0.0982197867982
0.0982196373274
0.0982194907054
0.098219346878
0.098219205792
0.098219067395
0.0982189316358
0.0982187984642
0.0982186678308
0.0982185396874
0.0982184139864
0.0982182906813
0.0982181697264
0.0982180510769
0.098217934689
0.0982178205195
0.0982177085261
0.0982175986674
0.0982174909027
0.098217385192
0.0982172814963
0.0982171797771
0.0982170799967
0.0982169821182
0.0982168861054
0.0982167919227
0.0982166995352
0.0982166089086
0.0982165200095
0.0982164328049
0.0982163472625
0.0982162633507
0.0982161810382
0.0982161002947
0.0982160210903
0.0982159433956
0.0982158671818
0.0982157924207
0.0982157190846
0.0982156471463
0.0982155765793
0.0982155073573
0.0982154394547
0.0982153728464
0.0982153075077
0.0982152434144
0.0982151805427
0.0982151188693
0.0982150583715
0.0982149990268
0.0982149408132
0.0982148837091
0.0982148276934
0.0982147727454
0.0982147188447
0.0982146659712
0.0982146141056
0.0982145632284
0.0982145133209
0.0982144643646
0.0982144163414
0.0982143692334
0.0982143230232
0.0982142776937
0.0982142332281
0.0982141896099
0.098214146823
0.0982141048515
0.0982140636799
0.0982140232929
0.0982139836755
0.0982139448131
0.0982139066913
0.098213869296
0.0982138326133
0.0982137966296
0.0982137613315
0.0982137267061
0.0982136927405
0.0982136594221
0.0982136267386
0.0982135946778
0.0982135632279
0.0982135323772
0.0982135021144
0.0982134724282
0.0982134433075
0.0982134147417
0.0982133867201
0.0982133592324
0.0982133322684
0.0982133058181
0.0982132798716
0.0982132544195
0.0982132294522
0.0982132049606
0.0982131809355
0.0982131573681
0.0982131342496
0.0982131115715
0.0982130893254
0.098213067503
0.0982130460963
0.0982130250973
0.0982130044983
0.0982129842916
0.0982129644698
0.0982129450255
0.0982129259515
0.0982129072408
0.0982128888864
0.0982128708816
0.0982128532197
0.0982128358941
0.0982128188984
0.0982128022265
0.0982127858719
0.0982127698289
0.0982127540913
0.0982127386534
0.0982127235094
0.0982127086538
0.0982126940811
0.0982126797859
0.0982126657628
0.0982126520068
0.0982126385126
0.0982126252754
0.0982126122902
0.0982125995522
0.0982125870568
0.0982125747993
0.0982125627751
0.0982125509799
0.0982125394092
0.0982125280588
0.0982125169245
0.0982125060021
0.0982124952878
0.0982124847774
0.098212474467
0.098212464353
0.0982124544316
0.098212444699
0.0982124351517
0.0982124257861
0.0982124165989
0.0982124075866
0.0982123987459
0.0982123900734
0.0982123815661
0.0982123732208
0.0982123650344
0.0982123570038
0.0982123491261
0.0982123413985
0.0982123338179
0.0982123263817
0.0982123190872
0.0982123119315
0.0982123049121
0.0982122980263
0.0982122912717
0.0982122846457
0.098212278146
0.09821227177
0.0982122655155
0.0982122593801
0.0982122533616
0.0982122474577
0.0982122416663
0.0982122359852
0.0982122304124
0.0982122249458
0.0982122195833
0.098212214323
0.098212209163
0.0982122041013
0.0982121991361
0.0982121942655
0.0982121894878
0.0982121848012
0.0982121802039
0.0982121756943
0.0982121712707
0.0982121669315
0.098212162675
0.0982121584997
0.0982121544041
0.0982121503866
0.0982121464458
0.0982121425801
0.0982121387883
0.0982121350688
0.0982121314203
0.0982121278415
0.0982121243311
0.0982121208876
0.09821211751
0.0982121141968
0.098212110947
0.0982121077593
0.0982121046324
0.0982121015654
0.098212098557
0.0982120956061
0.0982120927116
0.0982120898725
0.0982120870877
0.0982120843562
0.0982120816769
0.098212079049
0.0982120764713
0.098212073943
0.0982120714631
0.0982120690307
0.0982120666449
0.0982120643048
0.0982120620096
0.0982120597583
0.0982120575502
0.0982120553845
0.0982120532603
0.0982120511769
0.0982120491334
0.0982120471291
0.0982120451633
0.0982120432353
0.0982120413443
0.0982120394896
0.0982120376706
0.0982120358865
0.0982120341367
0.0982120324205
0.0982120307374
0.0982120290866
0.0982120274676
0.0982120258797
0.0982120243224
0.0982120227951
0.0982120212972
0.0982120198281
0.0982120183874
0.0982120169744
0.0982120155886
0.0982120142296
0.0982120128968
0.0982120115896
0.0982120103077
0.0982120090506
0.0982120078177
0.0982120066086
0.0982120054228
0.0982120042599
0.0982120031195
0.0982120020012
0.0982120009044
0.0982119998289
0.0982119987741
0.0982119977397
0.0982119967254
0.0982119957306
0.0982119947551
0.0982119937985
0.0982119928604
0.0982119919404
0.0982119910383
0.0982119901536
0.098211989286
0.0982119884352
0.098211987601
0.0982119867828
0.0982119859805
0.0982119851938
0.0982119844223
0.0982119836657
0.0982119829238
0.0982119821963
0.0982119814828
0.0982119807832
0.0982119800971
0.0982119794243
0.0982119787646
0.0982119781176
0.0982119774832
0.098211976861
0.0982119762509
0.0982119756526
0.0982119750659
0.0982119744905
0.0982119739263
0.0982119733729
0.0982119728303
0.0982119722982
0.0982119717763
0.0982119712646
0.0982119707627
0.0982119702705
0.0982119697878
0.0982119693144
0.0982119688501
0.0982119683948
0.0982119679483
0.0982119675103
0.0982119670808
0.0982119666595
0.0982119662464
0.0982119658411
0.0982119654437
0.0982119650538
0.0982119646715
0.0982119642964
0.0982119639285
0.0982119635677
0.0982119632137
0.0982119628665
0.0982119625259
0.0982119621918
0.0982119618641
0.0982119615426
0.0982119612271
0.0982119609177
0.0982119606141
0.0982119603162
0.098211960024
0.0982119597372
0.0982119594559
0.0982119591799
0.098211958909
0.0982119586432
0.0982119583824
0.0982119581264
0.0982119578752
0.0982119576287
0.0982119573868
0.0982119571493
0.0982119569163
0.0982119566875
0.098211956463
0.0982119562426
0.0982119560262
0.0982119558138
0.0982119556052
0.0982119554005
0.0982119551995
0.0982119550021
0.0982119548083
0.098211954618
0.0982119544312
0.0982119542476
0.0982119540674
0.0982119538904
0.0982119537165
0.0982119535457
0.0982119533779
0.0982119532131
0.0982119530512
0.0982119528922
0.0982119527359
0.0982119525823
0.0982119524314
0.0982119522831
0.0982119521374
0.0982119519942
0.0982119518534
0.0982119517151
0.0982119515791
0.0982119514454
0.098211951314
0.0982119511847
0.0982119510577
0.0982119509327
0.0982119508099
0.0982119506891
0.0982119505703
0.0982119504534
0.0982119503385
0.0982119502254
0.0982119501142
0.0982119500048
0.0982119498971
0.0982119497912
0.098211949687
0.0982119495845
0.0982119494835
0.0982119493842
0.0982119492865
0.0982119491903
0.0982119490956
0.0982119490024
0.0982119489106
0.0982119488202
0.0982119487313
0.0982119486437
0.0982119485575
0.0982119484726
0.0982119483889
0.0982119483066
0.0982119482255
0.0982119481456
0.0982119480669
0.0982119479894
0.0982119479131
0.0982119478378
0.0982119477638
0.0982119476908
0.0982119476189
0.098211947548
0.0982119474782
0.0982119474094
0.0982119473416
0.0982119472749
0.0982119472091
0.0982119471442
0.0982119470803
0.0982119470173
0.0982119469553
0.0982119468941
0.0982119468338
0.0982119467744
0.0982119467159
0.0982119466582
0.0982119466013
0.0982119465453
0.0982119464901
0.0982119464357
0.098211946382
0.0982119463292
0.0982119462771
0.0982119462258
0.0982119461752
0.0982119461253
0.0982119460762
0.0982119460278
0.0982119459802
0.0982119459332
0.0982119458869
0.0982119458413
0.0982119457964
0.0982119457521
0.0982119457086
0.0982119456657
0.0982119456234
0.0982119455818
0.0982119455408
0.0982119455004
0.0982119454607
0.0982119454216
0.0982119453831
0.0982119453452
0.0982119453079
0.0982119452712
0.0982119452351
0.0982119451996
0.0982119451647
0.0982119451304
0.0982119450966
0.0982119450634
0.0982119450307
0.0982119449987
0.0982119449671
0.0982119449362
0.0982119449057
0.0982119448758
0.0982119448465
0.0982119448177
0.0982119447894
0.0982119447617
0.0982119447345
0.0982119447078
0.0982119446816
0.098211944656
0.0982119446308
0.0982119446062
0.0982119445821
0.0982119445585
0.0982119445354
0.0982119445127
0.0982119444906
0.098211944469
0.0982119444479
0.0982119444272
0.098211944407
0.0982119443874
0.0982119443682
0.0982119443494
0.0982119443312
0.0982119443134
0.0982119442961
0.0982119442792
0.0982119442628
0.0982119442469
0.0982119442314
0.0982119442164
0.0982119442019
0.0982119441878
0.0982119441741
0.0982119441609
0.0982119441481
0.0982119441358
0.0982119441239
0.0982119441124
0.0982119441014
0.0982119440908
0.0982119440806
0.0982119440708
0.0982119440615
0.0982119440526
0.098211944044
0.0982119440359
0.0982119440283
0.098211944021
0.0982119440141
0.0982119440076
0.0982119440015
0.0982119439958
0.0982119439905
0.0982119439856
0.098211943981
0.0982119439769
0.0982119439731
0.0982119439697
0.0982119439666
0.098211943964
0.0982119439616
0.0982119439597
0.0982119439581
0.0982119439568
0.0982119439559
0.0982119439554
0.0982119439552
0.0982119439553
0.0982119439557
0.0982119439565
0.0982119439576
0.098211943959
0.0982119439608
0.0982119439628
0.0982119439652
0.0982119439679
0.0982119439708
0.0982119439741
0.0982119439777
0.0982119439815
0.0982119439856
0.09821194399
0.0982119439947
0.0982119439997
0.0982119440049
0.0982119440103
0.0982119440161
0.098211944022
0.0982119440283
0.0982119440347
0.0982119440414
0.0982119440484
0.0982119440555
0.0982119440629
0.0982119440705
0.0982119440783
0.0982119440863
0.0982119440946
0.098211944103
0.0982119441116
0.0982119441204
0.0982119441294
0.0982119441385
0.0982119441478
0.0982119441573
0.098211944167
0.0982119441768
0.0982119441868
0.0982119441969
0.0982119442071
0.0982119442175
0.098211944228
0.0982119442387
0.0982119442494
0.0982119442603
0.0982119442713
0.0982119442823
0.0982119442935
0.0982119443048
0.0982119443161
0.0982119443276
0.0982119443391
0.0982119443507
0.0982119443623
0.098211944374
0.0982119443858
0.0982119443976
0.0982119444095
0.0982119444214
0.0982119444333
0.0982119444453
0.0982119444572
0.0982119444692
0.0982119444812
0.0982119444933
0.0982119445053
0.0982119445173
0.0982119445293
0.0982119445413
0.0982119445532
0.0982119445652
0.0982119445771
0.098211944589
0.0982119446008
0.0982119446126
0.0982119446243
0.098211944636
0.0982119446477
0.0982119446592
0.0982119446707
0.0982119446821
0.0982119446935
0.0982119447047
0.0982119447159
0.098211944727
0.0982119447379
0.0982119447488
0.0982119447596
0.0982119447702
0.0982119447807
0.0982119447912
0.0982119448014
0.0982119448116
0.0982119448216
0.0982119448315
0.0982119448413
0.0982119448509
0.0982119448603
0.0982119448696
0.0982119448787
0.0982119448877
0.0982119448965
0.0982119449052
0.0982119449136
0.0982119449219
0.09821194493
0.098211944938
0.0982119449457
0.0982119449533
0.0982119449606
0.0982119449678
0.0982119449748
0.0982119449815
0.0982119449881
0.0982119449944
0.0982119450006
0.0982119450065
0.0982119450122
0.0982119450177
0.098211945023
0.098211945028
0.0982119450328
0.0982119450374
0.0982119450418
0.0982119450459
0.0982119450498
0.0982119450534
0.0982119450569
0.09821194506
0.098211945063
0.0982119450657
0.0982119450681
0.0982119450703
0.0982119450723
0.098211945074
0.0982119450754
0.0982119450766
0.0982119450776
0.0982119450783
0.0982119450787
0.0982119450789
0.0982119450789
0.0982119450785
0.098211945078
0.0982119450771
0.0982119450761
0.0982119450747
0.0982119450731
0.0982119450712
0.0982119450691
0.0982119450667
0.0982119450641
0.0982119450612
0.0982119450581
0.0982119450547
0.098211945051
0.0982119450471
0.0982119450429
0.0982119450385
0.0982119450338
0.0982119450289
0.0982119450237
0.0982119450183
0.0982119450126
0.0982119450067
0.0982119450005
0.0982119449941
0.0982119449875
0.0982119449806
0.0982119449734
0.098211944966
0.0982119449584
0.0982119449506
0.0982119449425
0.0982119449342
0.0982119449257
0.0982119449169
0.0982119449079
0.0982119448987
0.0982119448893
0.0982119448797
0.0982119448698
0.0982119448598
0.0982119448495
0.098211944839
0.0982119448283
0.0982119448174
0.0982119448064
0.0982119447951
0.0982119447836
0.098211944772
0.0982119447601
0.0982119447481
0.0982119447359
0.0982119447236
0.098211944711
0.0982119446983
0.0982119446854
0.0982119446724
0.0982119446592
0.0982119446459
0.0982119446324
0.0982119446188
0.098211944605
0.0982119445911
0.098211944577
0.0982119445628
0.0982119445485
0.0982119445341
0.0982119445195
0.0982119445049
0.0982119444901
0.0982119444752
0.0982119444603
0.0982119444452
0.09821194443
0.0982119444148
0.0982119443994
0.098211944384
0.0982119443685
0.098211944353
0.0982119443373
0.0982119443216
0.0982119443059
0.0982119442901
0.0982119442742
0.0982119442584
0.0982119442424
0.0982119442265
0.0982119442105
0.0982119441945
0.0982119441784
0.0982119441624
0.0982119441463
0.0982119441302
0.0982119441141
0.0982119440981
0.098211944082
0.098211944066
0.0982119440499
0.0982119440339
0.0982119440179
0.098211944002
0.0982119439861
0.0982119439702
0.0982119439543
0.0982119439386
0.0982119439228
0.0982119439072
0.0982119438916
0.098211943876
0.0982119438605
0.0982119438452
0.0982119438298
0.0982119438146
0.0982119437995
0.0982119437845
0.0982119437695
0.0982119437547
0.09821194374
0.0982119437254
0.0982119437109
0.0982119436965
0.0982119436822
0.0982119436681
0.0982119436541
0.0982119436403
0.0982119436266
0.098211943613
0.0982119435996
0.0982119435864
0.0982119435733
0.0982119435604
0.0982119435476
0.098211943535
0.0982119435226
0.0982119435104
0.0982119434983
0.0982119434864
0.0982119434747
0.0982119434632
0.0982119434519
0.0982119434408
0.0982119434299
0.0982119434193
0.0982119434088
0.0982119433985
0.0982119433885
0.0982119433786
0.098211943369
0.0982119433596
0.0982119433505
0.0982119433415
0.0982119433328
0.0982119433244
0.0982119433162
0.0982119433082
0.0982119433004
0.098211943293
0.0982119432857
0.0982119432787
0.098211943272
0.0982119432655
0.0982119432593
0.0982119432533
0.0982119432476
0.0982119432422
0.098211943237
0.0982119432321
0.0982119432275
0.0982119432231
0.0982119432191
0.0982119432152
0.0982119432117
0.0982119432085
0.0982119432055
0.0982119432028
0.0982119432003
0.0982119431982
0.0982119431964
0.0982119431948
0.0982119431935
0.0982119431925
0.0982119431918
0.0982119431913
0.0982119431912
0.0982119431913
0.0982119431918
0.0982119431925
0.0982119431935
0.0982119431948
0.0982119431964
0.0982119431983
0.0982119432004
0.0982119432029
0.0982119432056
0.0982119432086
0.098211943212
0.0982119432156
0.0982119432194
0.0982119432236
0.0982119432281
0.0982119432328
0.0982119432378
0.0982119432432
0.0982119432487
0.0982119432546
0.0982119432608
0.0982119432672
0.0982119432739
0.0982119432809
0.0982119432881
0.0982119432956
0.0982119433034
0.0982119433115
0.0982119433198
0.0982119433284
0.0982119433373
0.0982119433464
0.0982119433558
0.0982119433654
0.0982119433753
0.0982119433855
0.0982119433959
0.0982119434065
0.0982119434174
0.0982119434285
0.0982119434399
0.0982119434515
0.0982119434634
0.0982119434755
0.0982119434878
0.0982119435003
0.0982119435131
0.0982119435261
0.0982119435393
0.0982119435527
0.0982119435663
0.0982119435801
0.0982119435942
0.0982119436084
0.0982119436228
0.0982119436375
0.0982119436523
0.0982119436673
0.0982119436825
0.0982119436979
0.0982119437134
0.0982119437292
0.0982119437451
0.0982119437611
0.0982119437774
0.0982119437937
0.0982119438103
0.098211943827
0.0982119438438
0.0982119438607
0.0982119438779
0.0982119438951
0.0982119439125
0.0982119439299
0.0982119439476
0.0982119439653
0.0982119439831
0.0982119440011
0.0982119440191
0.0982119440373
0.0982119440555
0.0982119440738
0.0982119440922
0.0982119441107
0.0982119441293
0.0982119441479
0.0982119441666
0.0982119441854
0.0982119442042
0.0982119442231
0.098211944242
0.098211944261
0.09821194428
0.098211944299
0.0982119443181
0.0982119443372
0.0982119443563
0.0982119443754
0.0982119443945
0.0982119444136
0.0982119444328
0.0982119444519
0.098211944471
0.0982119444901
0.0982119445092
0.0982119445282
0.0982119445473
0.0982119445663
0.0982119445852
0.0982119446041
0.098211944623
0.0982119446418
0.0982119446605
0.0982119446792
0.0982119446979
0.0982119447164
0.0982119447349
0.0982119447533
0.0982119447716
0.0982119447898
0.0982119448079
0.0982119448259
0.0982119448438
0.0982119448616
0.0982119448793
0.0982119448969
0.0982119449143
0.0982119449316
0.0982119449488
0.0982119449659
0.0982119449828
0.0982119449995
0.0982119450162
0.0982119450326
0.0982119450489
0.0982119450651
0.098211945081
0.0982119450968
0.0982119451124
0.0982119451279
0.0982119451432
0.0982119451582
0.0982119451731
0.0982119451878
0.0982119452023
0.0982119452166
0.0982119452307
0.0982119452445
0.0982119452582
0.0982119452716
0.0982119452849
0.0982119452979
0.0982119453106
0.0982119453232
0.0982119453355
0.0982119453475
0.0982119453593
0.0982119453709
0.0982119453823
0.0982119453933
0.0982119454042
0.0982119454147
0.098211945425
0.0982119454351
0.0982119454448
0.0982119454544
0.0982119454636
0.0982119454726
0.0982119454812
0.0982119454897
0.0982119454978
0.0982119455056
0.0982119455132
0.0982119455205
0.0982119455274
0.0982119455341
0.0982119455405
0.0982119455466
0.0982119455524
0.0982119455579
0.0982119455631
0.098211945568
0.0982119455726
0.0982119455769
0.0982119455808
0.0982119455845
0.0982119455878
0.0982119455909
0.0982119455936
0.098211945596
0.0982119455981
0.0982119455999
0.0982119456014
0.0982119456025
0.0982119456033
0.0982119456038
0.098211945604
0.0982119456039
0.0982119456034
0.0982119456026
0.0982119456015
0.0982119456001
0.0982119455984
0.0982119455963
0.0982119455939
0.0982119455912
0.0982119455881
0.0982119455848
0.0982119455811
0.0982119455771
0.0982119455728
0.0982119455681
0.0982119455632
0.0982119455579
0.0982119455523
0.0982119455463
0.0982119455401
0.0982119455336
0.0982119455267
0.0982119455195
0.098211945512
0.0982119455042
0.0982119454961
0.0982119454877
0.0982119454789
0.0982119454699
0.0982119454605
0.0982119454509
0.098211945441
0.0982119454307
0.0982119454202
0.0982119454093
0.0982119453982
0.0982119453868
0.0982119453751
0.0982119453631
0.0982119453508
0.0982119453382
0.0982119453254
0.0982119453123
0.0982119452989
0.0982119452852
0.0982119452713
0.0982119452571
0.0982119452426
0.0982119452279
0.0982119452129
0.0982119451977
0.0982119451822
0.0982119451665
0.0982119451505
0.0982119451343
0.0982119451178
0.0982119451011
0.0982119450842
0.098211945067
0.0982119450496
0.098211945032
0.0982119450142
0.0982119449962
0.0982119449779
0.0982119449595
0.0982119449408
0.0982119449219
0.0982119449029
0.0982119448836
0.0982119448642
0.0982119448446
0.0982119448248
0.0982119448048
0.0982119447847
0.0982119447644
0.0982119447439
0.0982119447233
0.0982119447025
0.0982119446816
0.0982119446605
0.0982119446393
0.098211944618
0.0982119445965
0.0982119445749
0.0982119445532
0.0982119445313
0.0982119445094
0.0982119444873
0.0982119444651
0.0982119444429
0.0982119444205
0.098211944398
0.0982119443755
0.0982119443529
0.0982119443302
0.0982119443074
0.0982119442846
0.0982119442617
0.0982119442388
0.0982119442158
0.0982119441928
0.0982119441697
0.0982119441466
0.0982119441234
0.0982119441003
0.0982119440771
0.0982119440539
0.0982119440307
0.0982119440074
0.0982119439842
0.098211943961
0.0982119439378
0.0982119439146
0.0982119438915
0.0982119438683
0.0982119438452
0.0982119438221
0.0982119437991
0.0982119437761
0.0982119437532
0.0982119437303
0.0982119437075
0.0982119436847
0.098211943662
0.0982119436394
0.0982119436169
0.0982119435944
0.0982119435721
0.0982119435498
0.0982119435277
0.0982119435056
0.0982119434837
0.0982119434619
0.0982119434402
0.0982119434186
0.0982119433971
0.0982119433758
0.0982119433546
0.0982119433336
0.0982119433127
0.098211943292
0.0982119432714
0.098211943251
0.0982119432308
0.0982119432107
0.0982119431908
0.0982119431711
0.0982119431516
0.0982119431322
0.0982119431131
0.0982119430942
0.0982119430754
0.0982119430569
0.0982119430386
0.0982119430205
0.0982119430026
0.0982119429849
0.0982119429675
0.0982119429503
0.0982119429333
0.0982119429166
0.0982119429001
0.0982119428839
0.0982119428679
0.0982119428522
0.0982119428367
0.0982119428216
0.0982119428066
0.098211942792
0.0982119427776
0.0982119427635
0.0982119427496
0.0982119427361
0.0982119427228
0.0982119427099
0.0982119426972
0.0982119426848
0.0982119426727
0.0982119426609
0.0982119426495
0.0982119426383
0.0982119426275
0.0982119426169
0.0982119426067
0.0982119425968
0.0982119425872
0.098211942578
0.098211942569
0.0982119425604
0.0982119425522
0.0982119425442
0.0982119425367
0.0982119425294
0.0982119425225
0.0982119425159
0.0982119425097
0.0982119425038
0.0982119424982
0.0982119424931
0.0982119424882
0.0982119424837
0.0982119424796
0.0982119424758
0.0982119424724
0.0982119424693
0.0982119424666
0.0982119424643
0.0982119424623
0.0982119424607
0.0982119424595
0.0982119424586
0.098211942458
0.0982119424579
0.0982119424581
0.0982119424587
0.0982119424596
0.0982119424609
0.0982119424626
0.0982119424646
0.098211942467
0.0982119424698
0.098211942473
0.0982119424765
0.0982119424804
0.0982119424846
0.0982119424892
0.0982119424942
0.0982119424996
0.0982119425053
0.0982119425114
0.0982119425179
0.0982119425247
0.0982119425319
0.0982119425394
0.0982119425473
0.0982119425556
0.0982119425642
0.0982119425732
0.0982119425825
0.0982119425922
0.0982119426023
0.0982119426127
0.0982119426235
0.0982119426346
0.098211942646
0.0982119426578
0.09821194267
0.0982119426825
0.0982119426953
0.0982119427085
0.098211942722
0.0982119427359
0.09821194275
0.0982119427645
0.0982119427794
0.0982119427945
0.09821194281
0.0982119428258
0.098211942842
0.0982119428584
0.0982119428752
0.0982119428922
0.0982119429096
0.0982119429273
0.0982119429452
0.0982119429635
0.0982119429821
0.0982119430009
0.0982119430201
0.0982119430395
0.0982119430592
0.0982119430792
0.0982119430995
0.09821194312
0.0982119431408
0.0982119431619
0.0982119431832
0.0982119432048
0.0982119432266
0.0982119432487
0.098211943271
0.0982119432936
0.0982119433164
0.0982119433394
0.0982119433627
0.0982119433862
0.0982119434099
0.0982119434338
0.098211943458
0.0982119434823
0.0982119435069
0.0982119435316
0.0982119435565
0.0982119435817
0.098211943607
0.0982119436325
0.0982119436581
0.098211943684
0.09821194371
0.0982119437361
0.0982119437625
0.0982119437889
0.0982119438155
0.0982119438423
0.0982119438692
0.0982119438962
0.0982119439234
0.0982119439506
0.098211943978
0.0982119440055
0.0982119440331
0.0982119440609
0.0982119440887
0.0982119441166
0.0982119441445
0.0982119441726
0.0982119442007
0.0982119442289
0.0982119442572
0.0982119442855
0.0982119443139
0.0982119443423
0.0982119443708
0.0982119443993
0.0982119444279
0.0982119444564
0.098211944485
0.0982119445136
0.0982119445422
0.0982119445709
0.0982119445995
0.0982119446281
0.0982119446567
0.0982119446853
0.0982119447139
0.0982119447424
0.0982119447709
0.0982119447994
0.0982119448278
0.0982119448562
0.0982119448845
0.0982119449127
0.0982119449409
0.098211944969
0.0982119449971
0.098211945025
0.0982119450529
0.0982119450807
0.0982119451084
0.0982119451359
0.0982119451634
0.0982119451908
0.098211945218
0.0982119452451
0.0982119452721
0.0982119452989
0.0982119453256
0.0982119453522
0.0982119453786
0.0982119454048
0.0982119454309
0.0982119454568
0.0982119454825
0.0982119455081
0.0982119455335
0.0982119455587
0.0982119455837
0.0982119456085
0.0982119456331
0.0982119456575
0.0982119456817
0.0982119457056
0.0982119457294
0.0982119457529
0.0982119457762
0.0982119457992
0.0982119458221
0.0982119458446
0.0982119458669
0.098211945889
0.0982119459108
0.0982119459323
0.0982119459536
0.0982119459746
0.0982119459953
0.0982119460157
0.0982119460359
0.0982119460558
0.0982119460753
0.0982119460946
0.0982119461136
0.0982119461322
0.0982119461506
0.0982119461686
0.0982119461864
0.0982119462038
0.0982119462208
0.0982119462376
0.098211946254
0.0982119462701
0.0982119462858
0.0982119463012
0.0982119463163
0.098211946331
0.0982119463453
0.0982119463593
0.098211946373
0.0982119463863
0.0982119463992
0.0982119464117
0.0982119464239
0.0982119464357
0.0982119464471
0.0982119464581
0.0982119464688
0.0982119464791
0.098211946489
0.0982119464985
0.0982119465076
0.0982119465163
0.0982119465246
0.0982119465325
0.0982119465401
0.0982119465472
0.0982119465539
0.0982119465602
0.0982119465661
0.0982119465716
0.0982119465767
0.0982119465813
0.0982119465856
0.0982119465894
0.0982119465928
0.0982119465958
0.0982119465984
0.0982119466005
0.0982119466023
0.0982119466036
0.0982119466045
0.0982119466049
0.098211946605
0.0982119466046
0.0982119466038
0.0982119466025
0.0982119466008
0.0982119465987
0.0982119465962
0.0982119465933
0.0982119465899
0.098211946586
0.0982119465818
0.0982119465771
0.098211946572
0.0982119465665
0.0982119465605
0.0982119465541
0.0982119465473
0.0982119465401
0.0982119465324
0.0982119465243
0.0982119465157
0.0982119465068
0.0982119464974
0.0982119464876
0.0982119464774
0.0982119464668
0.0982119464557
0.0982119464442
0.0982119464323
0.09821194642
0.0982119464073
0.0982119463942
0.0982119463806
0.0982119463666
0.0982119463523
0.0982119463375
0.0982119463223
0.0982119463068
0.0982119462908
0.0982119462744
0.0982119462576
0.0982119462405
0.0982119462229
0.098211946205
0.0982119461867
0.098211946168
0.0982119461489
0.0982119461294
0.0982119461096
0.0982119460894
0.0982119460688
0.0982119460478
0.0982119460265
0.0982119460049
0.0982119459828
0.0982119459605
0.0982119459377
0.0982119459147
0.0982119458912
0.0982119458675
0.0982119458434
0.098211945819
0.0982119457942
0.0982119457691
0.0982119457437
0.098211945718
0.098211945692
0.0982119456656
0.098211945639
0.098211945612
0.0982119455848
0.0982119455572
0.0982119455294
0.0982119455013
0.0982119454729
0.0982119454442
0.0982119454153
0.0982119453861
0.0982119453566
0.0982119453269
0.0982119452969
0.0982119452667
0.0982119452362
0.0982119452055
0.0982119451746
0.0982119451434
0.098211945112
0.0982119450804
0.0982119450486
0.0982119450166
0.0982119449843
0.0982119449519
0.0982119449193
0.0982119448865
0.0982119448535
0.0982119448203
0.098211944787
0.0982119447534
0.0982119447198
0.098211944686
0.098211944652
0.0982119446179
0.0982119445836
0.0982119445492
0.0982119445147
0.0982119444801
0.0982119444453
0.0982119444104
0.0982119443755
0.0982119443404
0.0982119443052
0.09821194427
0.0982119442347
0.0982119441993
0.0982119441638
0.0982119441282
0.0982119440926
0.098211944057
0.0982119440213
0.0982119439856
0.0982119439498
0.098211943914
0.0982119438782
0.0982119438424
0.0982119438065
0.0982119437707
0.0982119437348
0.098211943699
0.0982119436631
0.0982119436273
0.0982119435916
0.0982119435558
0.0982119435201
0.0982119434844
0.0982119434488
0.0982119434133
0.0982119433778
0.0982119433424
0.098211943307
0.0982119432717
0.0982119432365
0.0982119432015
0.0982119431665
0.0982119431316
0.0982119430968
0.0982119430621
0.0982119430276
0.0982119429932
0.0982119429589
0.0982119429248
0.0982119428908
0.0982119428569
0.0982119428233
0.0982119427897
0.0982119427564
0.0982119427232
0.0982119426902
0.0982119426574
0.0982119426248
0.0982119425924
0.0982119425602
0.0982119425282
0.0982119424964
0.0982119424649
0.0982119424335
0.0982119424024
0.0982119423716
0.0982119423409
0.0982119423106
0.0982119422805
0.0982119422506
0.098211942221
0.0982119421917
0.0982119421626
0.0982119421339
0.0982119421054
0.0982119420772
0.0982119420493
0.0982119420217
0.0982119419944
0.0982119419675
0.0982119419408
0.0982119419145
0.0982119418885
0.0982119418628
0.0982119418374
0.0982119418124
0.0982119417878
0.0982119417635
0.0982119417395
0.0982119417159
0.0982119416927
0.0982119416698
0.0982119416473
0.0982119416252
0.0982119416035
0.0982119415821
0.0982119415611
0.0982119415406
0.0982119415204
0.0982119415006
0.0982119414812
0.0982119414623
0.0982119414437
0.0982119414256
0.0982119414079
0.0982119413906
0.0982119413737
0.0982119413573
0.0982119413413
0.0982119413257
0.0982119413106
0.0982119412959
0.0982119412816
0.0982119412679
0.0982119412545
0.0982119412416
0.0982119412292
0.0982119412172
0.0982119412057
0.0982119411947
0.0982119411841
0.098211941174
0.0982119411644
0.0982119411553
0.0982119411466
0.0982119411384
0.0982119411307
0.0982119411235
0.0982119411168
0.0982119411105
0.0982119411048
0.0982119410995
0.0982119410947
0.0982119410904
0.0982119410867
0.0982119410834
0.0982119410806
0.0982119410783
0.0982119410765
0.0982119410753
0.0982119410745
0.0982119410742
0.0982119410745
0.0982119410752
0.0982119410765
0.0982119410782
0.0982119410805
0.0982119410833
0.0982119410866
0.0982119410904
0.0982119410947
0.0982119410995
0.0982119411048
0.0982119411106
0.098211941117
0.0982119411239
0.0982119411312
0.0982119411391
0.0982119411475
0.0982119411564
0.0982119411658
0.0982119411757
0.0982119411862
0.0982119411971
0.0982119412085
0.0982119412205
0.0982119412329
0.0982119412458
0.0982119412593
0.0982119412732
0.0982119412877
0.0982119413026
0.0982119413181
0.098211941334
0.0982119413504
0.0982119413674
0.0982119413848
0.0982119414026
0.098211941421
0.0982119414399
0.0982119414592
0.0982119414791
0.0982119414993
0.0982119415201
0.0982119415414
0.0982119415631
0.0982119415853
0.0982119416079
0.098211941631
0.0982119416546
0.0982119416786
0.0982119417031
0.098211941728
0.0982119417533
0.0982119417792
0.0982119418054
0.0982119418321
0.0982119418592
0.0982119418868
0.0982119419147
0.0982119419431
0.098211941972
0.0982119420012
0.0982119420308
0.0982119420609
0.0982119420913
0.0982119421222
0.0982119421535
0.0982119421851
0.0982119422171
0.0982119422495
0.0982119422823
0.0982119423155
0.098211942349
0.0982119423829
0.0982119424172
0.0982119424518
0.0982119424868
0.0982119425221
0.0982119425578
0.0982119425938
0.0982119426301
0.0982119426667
0.0982119427037
0.098211942741
0.0982119427786
0.0982119428165
0.0982119428547
0.0982119428932
0.098211942932
0.0982119429711
0.0982119430105
0.0982119430501
0.09821194309
0.0982119431302
0.0982119431706
0.0982119432113
0.0982119432522
0.0982119432934
0.0982119433348
0.0982119433764
0.0982119434182
0.0982119434603
0.0982119435026
0.0982119435451
0.0982119435877
0.0982119436306
0.0982119436736
0.0982119437169
0.0982119437603
0.0982119438039
0.0982119438476
0.0982119438915
0.0982119439355
0.0982119439797
0.098211944024
0.0982119440685
0.098211944113
0.0982119441577
0.0982119442025
0.0982119442474
0.0982119442924
0.0982119443374
0.0982119443826
0.0982119444278
0.0982119444731
0.0982119445185
0.0982119445639
0.0982119446094
0.0982119446549
0.0982119447005
0.0982119447461
0.0982119447917
0.0982119448373
0.0982119448829
0.0982119449286
0.0982119449742
0.0982119450198
0.0982119450654
0.098211945111
0.0982119451565
0.098211945202
0.0982119452475
0.0982119452929
0.0982119453382
0.0982119453835
0.0982119454287
0.0982119454739
0.0982119455189
0.0982119455638
0.0982119456087
0.0982119456534
0.098211945698
0.0982119457425
0.0982119457869
0.0982119458312
0.0982119458753
0.0982119459192
0.098211945963
0.0982119460066
0.0982119460501
0.0982119460934
0.0982119461365
0.0982119461794
0.0982119462221
0.0982119462647
0.098211946307
0.0982119463491
0.098211946391
0.0982119464326
0.098211946474
0.0982119465152
0.0982119465561
0.0982119465968
0.0982119466372
0.0982119466773
0.0982119467172
0.0982119467568
0.0982119467961
0.0982119468351
0.0982119468738
0.0982119469123
0.0982119469504
0.0982119469881
0.0982119470256
0.0982119470627
0.0982119470995
0.098211947136
0.0982119471721
0.0982119472079
0.0982119472433
0.0982119472783
0.098211947313
0.0982119473472
0.0982119473812
0.0982119474147
0.0982119474478
0.0982119474805
0.0982119475129
0.0982119475448
0.0982119475763
0.0982119476074
0.098211947638
0.0982119476682
0.098211947698
0.0982119477274
0.0982119477563
0.0982119477848
0.0982119478128
0.0982119478403
0.0982119478674
0.098211947894
0.0982119479201
0.0982119479458
0.098211947971
0.0982119479957
0.0982119480199
0.0982119480436
0.0982119480668
0.0982119480895
0.0982119481116
0.0982119481333
0.0982119481545
0.0982119481751
0.0982119481952
0.0982119482148
0.0982119482339
0.0982119482524
0.0982119482703
0.0982119482878
0.0982119483047
0.098211948321
0.0982119483368
0.098211948352
0.0982119483667
0.0982119483808
0.0982119483943
0.0982119484073
0.0982119484197
0.0982119484315
0.0982119484427
0.0982119484534
0.0982119484635
0.098211948473
0.0982119484819
0.0982119484902
0.098211948498
0.0982119485051
0.0982119485117
0.0982119485176
0.098211948523
0.0982119485277
0.0982119485319
0.0982119485354
0.0982119485383
0.0982119485407
0.0982119485424
0.0982119485435
0.098211948544
0.0982119485439
0.0982119485432
0.0982119485418
0.0982119485399
0.0982119485373
0.0982119485341
0.0982119485303
0.0982119485259
0.0982119485208
0.0982119485152
0.0982119485089
0.098211948502
0.0982119484945
0.0982119484864
0.0982119484776
0.0982119484682
0.0982119484582
0.0982119484476
0.0982119484364
0.0982119484246
0.0982119484121
0.098211948399
0.0982119483853
0.098211948371
0.0982119483561
0.0982119483406
0.0982119483244
0.0982119483076
0.0982119482903
0.0982119482723
0.0982119482537
0.0982119482345
0.0982119482148
0.0982119481944
0.0982119481734
0.0982119481518
0.0982119481296
0.0982119481069
0.0982119480835
0.0982119480595
0.098211948035
0.0982119480099
0.0982119479842
0.0982119479579
0.098211947931
0.0982119479036
0.0982119478756
0.098211947847
0.0982119478179
0.0982119477882
0.0982119477579
0.0982119477271
0.0982119476957
0.0982119476638
0.0982119476313
0.0982119475983
0.0982119475648
0.0982119475307
0.0982119474961
0.098211947461
0.0982119474253
0.0982119473891
0.0982119473524
0.0982119473152
0.0982119472775
0.0982119472393
0.0982119472006
0.0982119471614
0.0982119471217
0.0982119470815
0.0982119470409
0.0982119469997
0.0982119469581
0.0982119469161
0.0982119468736
0.0982119468306
0.0982119467871
0.0982119467433
0.098211946699
0.0982119466542
0.098211946609
0.0982119465634
0.0982119465174
0.098211946471
0.0982119464242
0.0982119463769
0.0982119463293
0.0982119462813
0.0982119462329
0.0982119461841
0.0982119461349
0.0982119460854
0.0982119460355
0.0982119459853
0.0982119459347
0.0982119458838
0.0982119458326
0.098211945781
0.0982119457291
0.0982119456769
0.0982119456243
0.0982119455715
0.0982119455184
0.098211945465
0.0982119454113
0.0982119453573
0.0982119453031
0.0982119452486
0.0982119451939
0.0982119451389
0.0982119450836
0.0982119450282
0.0982119449725
0.0982119449165
0.0982119448604
0.0982119448041
0.0982119447476
0.0982119446909
0.098211944634
0.0982119445769
0.0982119445196
0.0982119444622
0.0982119444047
0.098211944347
0.0982119442891
0.0982119442312
0.0982119441731
0.0982119441149
0.0982119440566
0.0982119439982
0.0982119439396
0.0982119438811
0.0982119438224
0.0982119437637
0.0982119437049
0.098211943646
0.0982119435871
0.0982119435282
0.0982119434692
0.0982119434102
0.0982119433512
0.0982119432922
0.0982119432332
0.0982119431742
0.0982119431152
0.0982119430563
0.0982119429974
0.0982119429385
0.0982119428796
0.0982119428209
0.0982119427622
0.0982119427035
0.098211942645
0.0982119425865
0.0982119425281
0.0982119424698
0.0982119424117
0.0982119423537
0.0982119422957
0.098211942238
0.0982119421803
0.0982119421229
0.0982119420656
0.0982119420084
0.0982119419514
0.0982119418946
0.098211941838
0.0982119417816
0.0982119417255
0.0982119416695
0.0982119416137
0.0982119415582
0.0982119415029
0.0982119414479
0.0982119413931
0.0982119413385
0.0982119412843
0.0982119412303
0.0982119411766
0.0982119411232
0.0982119410701
0.0982119410173
0.0982119409648
0.0982119409126
0.0982119408608
0.0982119408093
0.0982119407581
0.0982119407073
0.0982119406569
0.0982119406068
0.0982119405571
0.0982119405078
0.0982119404588
0.0982119404103
0.0982119403621
0.0982119403144
0.098211940267
0.0982119402201
0.0982119401737
0.0982119401276
0.098211940082
0.0982119400369
0.0982119399922
0.098211939948
0.0982119399042
0.0982119398609
0.0982119398181
0.0982119397758
0.098211939734
0.0982119396927
0.0982119396519
0.0982119396116
0.0982119395718
0.0982119395326
0.0982119394938
0.0982119394557
0.098211939418
0.0982119393809
0.0982119393444
0.0982119393084
0.098211939273
0.0982119392382
0.098211939204
0.0982119391703
0.0982119391372
0.0982119391047
0.0982119390728
0.0982119390416
0.0982119390109
0.0982119389808
0.0982119389514
0.0982119389226
0.0982119388944
0.0982119388668
0.0982119388399
0.0982119388137
0.098211938788
0.0982119387631
0.0982119387388
0.0982119387151
0.0982119386921
0.0982119386698
0.0982119386482
0.0982119386272
0.0982119386069
0.0982119385873
0.0982119385684
0.0982119385502
0.0982119385327
0.0982119385159
0.0982119384998
0.0982119384843
0.0982119384696
0.0982119384556
0.0982119384424
0.0982119384298
0.098211938418
0.0982119384069
0.0982119383965
0.0982119383868
0.0982119383779
0.0982119383697
0.0982119383623
0.0982119383556
0.0982119383496
0.0982119383444
0.0982119383399
0.0982119383361
0.0982119383332
0.0982119383309
0.0982119383294
0.0982119383287
0.0982119383287
0.0982119383295
0.0982119383311
0.0982119383333
0.0982119383364
0.0982119383402
0.0982119383448
0.0982119383501
0.0982119383563
0.0982119383631
0.0982119383708
0.0982119383792
0.0982119383883
0.0982119383983
0.0982119384089
0.0982119384204
0.0982119384326
0.0982119384456
0.0982119384594
0.0982119384739
0.0982119384892
0.0982119385052
0.098211938522
0.0982119385396
0.0982119385579
0.098211938577
0.0982119385969
0.0982119386175
0.0982119386388
0.0982119386609
0.0982119386838
0.0982119387074
0.0982119387318
0.0982119387569
0.0982119387828
0.0982119388094
0.0982119388368
0.0982119388649
0.0982119388937
0.0982119389233
0.0982119389536
0.0982119389846
0.0982119390164
0.0982119390489
0.0982119390821
0.098211939116
0.0982119391507
0.0982119391861
0.0982119392221
0.0982119392589
0.0982119392964
0.0982119393346
0.0982119393735
0.0982119394131
0.0982119394534
0.0982119394943
0.098211939536
0.0982119395783
0.0982119396213
0.098211939665
0.0982119397093
0.0982119397543
0.0982119398
0.0982119398463
0.0982119398932
0.0982119399408
0.0982119399891
0.0982119400379
0.0982119400875
0.0982119401376
0.0982119401883
0.0982119402397
0.0982119402917
0.0982119403442
0.0982119403974
0.0982119404512
0.0982119405055
0.0982119405605
0.098211940616
0.098211940672
0.0982119407287
0.0982119407859
0.0982119408436
0.0982119409019
0.0982119409608
0.0982119410201
0.09821194108
0.0982119411404
0.0982119412014
0.0982119412628
0.0982119413247
0.0982119413872
0.0982119414501
0.0982119415135
0.0982119415774
0.0982119416417
0.0982119417065
0.0982119417717
0.0982119418374
0.0982119419035
0.0982119419701
0.0982119420371
0.0982119421045
0.0982119421723
0.0982119422405
0.0982119423091
0.0982119423781
0.0982119424474
0.0982119425172
0.0982119425873
0.0982119426577
0.0982119427285
0.0982119427996
0.0982119428711
0.0982119429429
0.0982119430149
0.0982119430873
0.09821194316
0.098211943233
0.0982119433063
0.0982119433798
0.0982119434536
0.0982119435277
0.098211943602
0.0982119436765
0.0982119437513
0.0982119438262
0.0982119439014
0.0982119439768
0.0982119440524
0.0982119441282
0.0982119442041
0.0982119442803
0.0982119443565
0.098211944433
0.0982119445095
0.0982119445862
0.0982119446631
0.09821194474
0.098211944817
0.0982119448942
0.0982119449714
0.0982119450487
0.0982119451261
0.0982119452035
0.098211945281
0.0982119453585
0.098211945436
0.0982119455136
0.0982119455912
0.0982119456688
0.0982119457463
0.0982119458239
0.0982119459014
0.0982119459789
0.0982119460564
0.0982119461338
0.0982119462111
0.0982119462884
0.0982119463656
0.0982119464427
0.0982119465197
0.0982119465966
0.0982119466733
0.09821194675
0.0982119468265
0.0982119469028
0.098211946979
0.0982119470551
0.0982119471309
0.0982119472066
0.0982119472821
0.0982119473573
0.0982119474324
0.0982119475072
0.0982119475819
0.0982119476562
0.0982119477303
0.0982119478042
0.0982119478778
0.0982119479511
0.0982119480241
0.0982119480968
0.0982119481693
0.0982119482414
0.0982119483132
0.0982119483846
0.0982119484557
0.0982119485265
0.0982119485969
0.0982119486669
0.0982119487365
0.0982119488058
0.0982119488747
0.0982119489431
0.0982119490112
0.0982119490788
0.098211949146
0.0982119492128
0.0982119492791
0.0982119493449
0.0982119494103
0.0982119494752
0.0982119495396
0.0982119496036
0.098211949667
0.0982119497299
0.0982119497924
0.0982119498542
0.0982119499156
0.0982119499764
0.0982119500367
0.0982119500964
0.0982119501555
0.0982119502141
0.0982119502721
0.0982119503295
0.0982119503863
0.0982119504425
0.0982119504981
0.098211950553
0.0982119506074
0.0982119506611
0.0982119507141
0.0982119507665
0.0982119508183
0.0982119508694
0.0982119509198
0.0982119509695
0.0982119510186
0.0982119510669
0.0982119511146
0.0982119511615
0.0982119512078
0.0982119512533
0.0982119512981
0.0982119513422
0.0982119513855
0.0982119514281
0.0982119514699
0.098211951511
0.0982119515513
0.0982119515908
0.0982119516295
0.0982119516675
0.0982119517047
0.0982119517411
0.0982119517767
0.0982119518115
0.0982119518455
0.0982119518786
0.098211951911
0.0982119519425
0.0982119519731
0.098211952003
0.098211952032
0.0982119520602
0.0982119520875
0.0982119521139
0.0982119521395
0.0982119521642
0.0982119521881
0.0982119522111
0.0982119522332
0.0982119522544
0.0982119522747
0.0982119522942
0.0982119523127
0.0982119523304
0.0982119523471
0.098211952363
0.0982119523779
0.0982119523919
0.098211952405
0.0982119524172
0.0982119524285
0.0982119524388
0.0982119524483
0.0982119524568
0.0982119524643
0.0982119524709
0.0982119524766
0.0982119524814
0.0982119524852
0.098211952488
0.09821195249
0.0982119524909
0.098211952491
0.09821195249
0.0982119524881
0.0982119524853
0.0982119524815
0.0982119524767
0.098211952471
0.0982119524644
0.0982119524567
0.0982119524481
0.0982119524386
0.0982119524281
0.0982119524166
0.0982119524041
0.0982119523907
0.0982119523764
0.098211952361
0.0982119523447
0.0982119523275
0.0982119523092
0.09821195229
0.0982119522699
0.0982119522488
0.0982119522267
0.0982119522037
0.0982119521797
0.0982119521547
0.0982119521288
0.0982119521019
0.0982119520741
0.0982119520453
0.0982119520156
0.0982119519849
0.0982119519533
0.0982119519207
0.0982119518872
0.0982119518527
0.0982119518173
0.0982119517809
0.0982119517437
0.0982119517054
0.0982119516663
0.0982119516262
0.0982119515852
0.0982119515433
0.0982119515005
0.0982119514567
0.098211951412
0.0982119513665
0.09821195132
0.0982119512726
0.0982119512243
0.0982119511751
0.0982119511251
0.0982119510741
0.0982119510223
0.0982119509696
0.098211950916
0.0982119508615
0.0982119508062
0.09821195075
0.098211950693
0.0982119506351
0.0982119505764
0.0982119505168
0.0982119504564
0.0982119503952
0.0982119503331
0.0982119502702
0.0982119502065
0.098211950142
0.0982119500767
0.0982119500106
0.0982119499437
0.098211949876
0.0982119498076
0.0982119497384
0.0982119496684
0.0982119495976
0.0982119495261
0.0982119494539
0.0982119493809
0.0982119493072
0.0982119492327
0.0982119491576
0.0982119490817
0.0982119490051
0.0982119489279
0.0982119488499
0.0982119487713
0.0982119486919
0.098211948612
0.0982119485313
0.09821194845
0.0982119483681
0.0982119482855
0.0982119482023
0.0982119481185
0.0982119480341
0.098211947949
0.0982119478634
0.0982119477772
0.0982119476904
0.098211947603
0.0982119475151
0.0982119474266
0.0982119473376
0.0982119472481
0.098211947158
0.0982119470674
0.0982119469763
0.0982119468847
0.0982119467926
0.0982119467001
0.098211946607
0.0982119465135
0.0982119464196
0.0982119463252
0.0982119462304
0.0982119461351
0.0982119460395
0.0982119459434
0.098211945847
0.0982119457501
0.0982119456529
0.0982119455554
0.0982119454575
0.0982119453592
0.0982119452606
0.0982119451617
0.0982119450625
0.0982119449629
0.0982119448631
0.098211944763
0.0982119446626
0.098211944562
0.0982119444611
0.09821194436
0.0982119442587
0.0982119441571
0.0982119440553
0.0982119439533
0.0982119438512
0.0982119437489
0.0982119436464
0.0982119435437
0.098211943441
0.098211943338
0.098211943235
0.0982119431319
0.0982119430286
0.0982119429253
0.0982119428219
0.0982119427184
0.0982119426149
0.0982119425114
0.0982119424078
0.0982119423042
0.0982119422005
0.0982119420969
0.0982119419933
0.0982119418898
0.0982119417862
0.0982119416827
0.0982119415793
0.098211941476
0.0982119413727
0.0982119412695
0.0982119411664
0.0982119410635
0.0982119409606
0.0982119408579
0.0982119407554
0.098211940653
0.0982119405508
0.0982119404488
0.098211940347
0.0982119402454
0.098211940144
0.0982119400428
0.0982119399419
0.0982119398412
0.0982119397408
0.0982119396407
0.0982119395408
0.0982119394413
0.098211939342
0.0982119392431
0.0982119391445
0.0982119390463
0.0982119389484
0.0982119388509
0.0982119387537
0.098211938657
0.0982119385606
0.0982119384647
0.0982119383691
0.098211938274
0.0982119381794
0.0982119380852
0.0982119379915
0.0982119378982
0.0982119378054
0.0982119377132
0.0982119376214
0.0982119375301
0.0982119374394
0.0982119373493
0.0982119372596
0.0982119371706
0.0982119370821
0.0982119369942
0.0982119369069
0.0982119368202
0.0982119367341
0.0982119366486
0.0982119365638
0.0982119364796
0.098211936396
0.0982119363132
0.098211936231
0.0982119361494
0.0982119360686
0.0982119359885
0.0982119359091
0.0982119358304
0.0982119357525
0.0982119356753
0.0982119355989
0.0982119355232
0.0982119354483
0.0982119353742
0.0982119353008
0.0982119352283
0.0982119351566
0.0982119350857
0.0982119350156
0.0982119349463
0.0982119348779
0.0982119348104
0.0982119347437
0.0982119346779
0.098211934613
0.0982119345489
0.0982119344858
0.0982119344235
0.0982119343622
0.0982119343018
0.0982119342423
0.0982119341838
0.0982119341262
0.0982119340696
0.0982119340139
0.0982119339592
0.0982119339054
0.0982119338527
0.0982119338009
0.0982119337501
0.0982119337004
0.0982119336516
0.0982119336039
0.0982119335572
0.0982119335115
0.0982119334669
0.0982119334233
0.0982119333808
0.0982119333393
0.0982119332989
0.0982119332596
0.0982119332213
0.0982119331841
0.098211933148
0.0982119331131
0.0982119330792
0.0982119330464
0.0982119330147
0.0982119329841
0.0982119329547
0.0982119329264
0.0982119328992
0.0982119328732
0.0982119328483
0.0982119328245
0.0982119328019
0.0982119327805
0.0982119327602
0.0982119327411
0.0982119327232
0.0982119327064
0.0982119326908
0.0982119326764
0.0982119326631
0.0982119326511
0.0982119326402
0.0982119326305
0.0982119326221
0.0982119326148
0.0982119326087
0.0982119326039
0.0982119326002
0.0982119325978
0.0982119325966
0.0982119325965
0.0982119325978
0.0982119326002
0.0982119326038
0.0982119326087
0.0982119326148
0.0982119326221
0.0982119326307
0.0982119326405
0.0982119326515
0.0982119326637
0.0982119326772
0.0982119326919
0.0982119327079
0.0982119327251
0.0982119327435
0.0982119327632
0.0982119327841
0.0982119328062
0.0982119328296
0.0982119328542
0.09821193288
0.0982119329071
0.0982119329354
0.098211932965
0.0982119329958
0.0982119330278
0.098211933061
0.0982119330955
0.0982119331312
0.0982119331682
0.0982119332063
0.0982119332457
0.0982119332863
0.0982119333282
0.0982119333712
0.0982119334155
0.098211933461
0.0982119335077
0.0982119335556
0.0982119336047
0.098211933655
0.0982119337065
0.0982119337592
0.0982119338131
0.0982119338682
0.0982119339245
0.098211933982
0.0982119340406
0.0982119341005
0.0982119341615
0.0982119342236
0.098211934287
0.0982119343514
0.0982119344171
0.0982119344839
0.0982119345518
0.0982119346209
0.0982119346911
0.0982119347625
0.098211934835
0.0982119349086
0.0982119349833
0.0982119350591
0.098211935136
0.098211935214
0.0982119352932
0.0982119353734
0.0982119354546
0.098211935537
0.0982119356204
0.0982119357049
0.0982119357904
0.098211935877
0.0982119359647
0.0982119360533
0.098211936143
0.0982119362337
0.0982119363254
0.0982119364181
0.0982119365118
0.0982119366065
0.0982119367022
0.0982119367989
0.0982119368965
0.0982119369951
0.0982119370946
0.0982119371951
0.0982119372965
0.0982119373988
0.098211937502
0.0982119376062
0.0982119377112
0.0982119378171
0.0982119379239
0.0982119380316
0.0982119381402
0.0982119382495
0.0982119383598
0.0982119384708
0.0982119385827
0.0982119386954
0.0982119388089
0.0982119389232
0.0982119390383
0.0982119391541
0.0982119392707
0.0982119393881
0.0982119395062
0.098211939625
0.0982119397446
0.0982119398649
0.0982119399858
0.0982119401075
0.0982119402298
0.0982119403528
0.0982119404764
0.0982119406007
0.0982119407257
0.0982119408512
0.0982119409774
0.0982119411041
0.0982119412315
0.0982119413594
0.0982119414879
0.0982119416169
0.0982119417465
0.0982119418766
0.0982119420072
0.0982119421383
0.0982119422699
0.098211942402
0.0982119425345
0.0982119426675
0.098211942801
0.0982119429349
0.0982119430691
0.0982119432038
0.0982119433389
0.0982119434744
0.0982119436102
0.0982119437464
0.0982119438829
0.0982119440198
0.098211944157
0.0982119442944
0.0982119444322
0.0982119445702
0.0982119447085
0.098211944847
0.0982119449858
0.0982119451248
0.098211945264
0.0982119454034
0.098211945543
0.0982119456827
0.0982119458226
0.0982119459627
0.0982119461028
0.0982119462431
0.0982119463835
0.098211946524
0.0982119466645
0.0982119468051
0.0982119469458
0.0982119470864
0.0982119472271
0.0982119473678
0.0982119475085
0.0982119476491
0.0982119477898
0.0982119479303
0.0982119480708
0.0982119482113
0.0982119483516
0.0982119484918
0.0982119486319
0.0982119487718
0.0982119489116
0.0982119490513
0.0982119491908
0.09821194933
0.0982119494691
0.0982119496079
0.0982119497465
0.0982119498849
0.098211950023
0.0982119501608
0.0982119502983
0.0982119504356
0.0982119505725
0.098211950709
0.0982119508453
0.0982119509811
0.0982119511166
0.0982119512517
0.0982119513864
0.0982119515207
0.0982119516545
0.0982119517879
0.0982119519209
0.0982119520533
0.0982119521853
0.0982119523168
0.0982119524478
0.0982119525782
0.0982119527081
0.0982119528375
0.0982119529662
0.0982119530944
0.098211953222
0.098211953349
0.0982119534754
0.0982119536011
0.0982119537262
0.0982119538506
0.0982119539744
0.0982119540974
0.0982119542198
0.0982119543414
0.0982119544623
0.0982119545825
0.0982119547019
0.0982119548205
0.0982119549384
0.0982119550554
0.0982119551717
0.0982119552871
0.0982119554017
0.0982119555155
0.0982119556284
0.0982119557404
0.0982119558516
0.0982119559618
0.0982119560712
0.0982119561796
0.0982119562871
0.0982119563936
0.0982119564992
0.0982119566039
0.0982119567075
0.0982119568102
0.0982119569118
0.0982119570125
0.0982119571121
0.0982119572106
0.0982119573082
0.0982119574046
0.0982119575
0.0982119575943
0.0982119576875
0.0982119577796
0.0982119578706
0.0982119579605
0.0982119580492
0.0982119581368
0.0982119582232
0.0982119583084
0.0982119583925
0.0982119584754
0.0982119585571
0.0982119586375
0.0982119587168
0.0982119587948
0.0982119588716
0.0982119589471
0.0982119590213
0.0982119590943
0.0982119591661
0.0982119592365
0.0982119593056
0.0982119593735
0.09821195944
0.0982119595052
0.098211959569
0.0982119596316
0.0982119596927
0.0982119597525
0.098211959811
0.0982119598681
0.0982119599238
0.0982119599781
0.098211960031
0.0982119600825
0.0982119601326
0.0982119601813
0.0982119602285
0.0982119602743
0.0982119603187
0.0982119603616
0.0982119604031
0.0982119604431
0.0982119604816
0.0982119605187
0.0982119605543
0.0982119605884
0.098211960621
0.0982119606521
0.0982119606817
0.0982119607098
0.0982119607364
0.0982119607614
0.098211960785
0.098211960807
0.0982119608274
0.0982119608464
0.0982119608637
0.0982119608796
0.0982119608939
0.0982119609066
0.0982119609177
0.0982119609273
0.0982119609353
0.0982119609418
0.0982119609467
0.0982119609499
0.0982119609517
0.0982119609518
0.0982119609503
0.0982119609472
0.0982119609426
0.0982119609363
0.0982119609285
0.098211960919
0.0982119609079
0.0982119608953
0.098211960881
0.0982119608651
0.0982119608476
0.0982119608285
0.0982119608078
0.0982119607854
0.0982119607615
0.0982119607359
0.0982119607087
0.0982119606799
0.0982119606495
0.0982119606174
0.0982119605837
0.0982119605485
0.0982119605116
0.098211960473
0.0982119604329
0.0982119603912
0.0982119603478
0.0982119603028
0.0982119602562
0.098211960208
0.0982119601582
0.0982119601068
0.0982119600538
0.0982119599992
0.0982119599429
0.0982119598851
0.0982119598257
0.0982119597647
0.0982119597021
0.0982119596378
0.0982119595721
0.0982119595047
0.0982119594357
0.0982119593652
0.0982119592931
0.0982119592195
0.0982119591442
0.0982119590674
0.0982119589891
0.0982119589092
0.0982119588277
0.0982119587448
0.0982119586602
0.0982119585742
0.0982119584866
0.0982119583975
0.0982119583069
0.0982119582147
0.0982119581211
0.098211958026
0.0982119579293
0.0982119578312
0.0982119577316
0.0982119576305
0.098211957528
0.098211957424
0.0982119573186
0.0982119572117
0.0982119571033
0.0982119569935
0.0982119568824
0.0982119567697
0.0982119566557
0.0982119565403
0.0982119564235
0.0982119563053
0.0982119561857
0.0982119560648
0.0982119559425
0.0982119558188
0.0982119556938
0.0982119555675
0.0982119554398
0.0982119553109
0.0982119551806
0.098211955049
0.0982119549162
0.0982119547821
0.0982119546467
0.09821195451
0.0982119543722
0.098211954233
0.0982119540927
0.0982119539511
0.0982119538084
0.0982119536644
0.0982119535193
0.098211953373
0.0982119532255
0.0982119530769
0.0982119529272
0.0982119527763
0.0982119526243
0.0982119524713
0.0982119523171
0.0982119521619
0.0982119520056
0.0982119518482
0.0982119516898
0.0982119515304
0.09821195137
0.0982119512085
0.0982119510461
0.0982119508827
0.0982119507184
0.0982119505531
0.0982119503869
0.0982119502197
0.0982119500516
0.0982119498827
0.0982119497129
0.0982119495422
0.0982119493706
0.0982119491982
0.098211949025
0.098211948851
0.0982119486762
0.0982119485006
0.0982119483242
0.0982119481471
0.0982119479693
0.0982119477907
0.0982119476114
0.0982119474314
0.0982119472508
0.0982119470695
0.0982119468876
0.098211946705
0.0982119465218
0.098211946338
0.0982119461536
0.0982119459687
0.0982119457832
0.0982119455971
0.0982119454106
0.0982119452235
0.098211945036
0.098211944848
0.0982119446595
0.0982119444706
0.0982119442812
0.0982119440915
0.0982119439013
0.0982119437108
0.09821194352
0.0982119433288
0.0982119431372
0.0982119429454
0.0982119427533
0.0982119425609
0.0982119423682
0.0982119421753
0.0982119419822
0.0982119417889
0.0982119415954
0.0982119414017
0.0982119412078
0.0982119410139
0.0982119408198
0.0982119406256
0.0982119404313
0.0982119402369
0.0982119400425
0.0982119398481
0.0982119396537
0.0982119394592
0.0982119392648
0.0982119390704
0.0982119388761
0.0982119386818
0.0982119384877
0.0982119382936
0.0982119380997
0.0982119379059
0.0982119377123
0.0982119375188
0.0982119373256
0.0982119371325
0.0982119369397
0.0982119367472
0.0982119365549
0.0982119363629
0.0982119361712
0.0982119359798
0.0982119357888
0.0982119355981
0.0982119354078
0.0982119352179
0.0982119350284
0.0982119348393
0.0982119346507
0.0982119344625
0.0982119342748
0.0982119340877
0.098211933901
0.0982119337149
0.0982119335293
0.0982119333443
0.0982119331598
0.098211932976
0.0982119327928
0.0982119326103
0.0982119324284
0.0982119322472
0.0982119320666
0.0982119318868
0.0982119317077
0.0982119315294
0.0982119313518
0.098211931175
0.098211930999
0.0982119308238
0.0982119306494
0.0982119304759
0.0982119303032
0.0982119301315
0.0982119299606
0.0982119297906
0.0982119296216
0.0982119294536
0.0982119292864
0.0982119291203
0.0982119289552
0.0982119287911
0.098211928628
0.098211928466
0.098211928305
0.0982119281452
0.0982119279864
0.0982119278287
0.0982119276722
0.0982119275168
0.0982119273626
0.0982119272095
0.0982119270576
0.098211926907
0.0982119267576
0.0982119266094
0.0982119264625
0.0982119263168
0.0982119261725
0.0982119260294
0.0982119258876
0.0982119257472
0.0982119256082
0.0982119254704
0.0982119253341
0.0982119251992
0.0982119250656
0.0982119249335
0.0982119248028
0.0982119246736
0.0982119245458
0.0982119244195
0.0982119242947
0.0982119241714
0.0982119240497
0.0982119239294
0.0982119238107
0.0982119236936
0.098211923578
0.098211923464
0.0982119233516
0.0982119232408
0.0982119231317
0.0982119230241
0.0982119229183
0.0982119228141
0.0982119227115
0.0982119226107
0.0982119225115
0.0982119224141
0.0982119223183
0.0982119222243
0.0982119221321
0.0982119220416
0.0982119219529
0.0982119218659
0.0982119217807
0.0982119216974
0.0982119216158
0.0982119215361
0.0982119214582
0.0982119213821
0.0982119213079
0.0982119212356
0.0982119211651
0.0982119210965
0.0982119210298
0.098211920965
0.0982119209021
0.0982119208411
0.0982119207821
0.098211920725
0.0982119206698
0.0982119206166
0.0982119205653
0.098211920516
0.0982119204687
0.0982119204234
0.09821192038
0.0982119203387
0.0982119202994
0.0982119202621
0.0982119202268
0.0982119201935
0.0982119201623
0.0982119201331
0.098211920106
0.0982119200809
0.0982119200578
0.0982119200369
0.098211920018
0.0982119200012
0.0982119199865
0.0982119199738
0.0982119199633
0.0982119199548
0.0982119199485
0.0982119199442
0.0982119199421
0.0982119199421
0.0982119199442
0.0982119199484
0.0982119199548
0.0982119199633
0.0982119199739
0.0982119199866
0.0982119200015
0.0982119200186
0.0982119200377
0.0982119200591
0.0982119200825
0.0982119201082
0.098211920136
0.0982119201659
0.098211920198
0.0982119202322
0.0982119202686
0.0982119203072
0.0982119203479
0.0982119203908
0.0982119204358
0.098211920483
0.0982119205324
0.0982119205839
0.0982119206376
0.0982119206934
0.0982119207515
0.0982119208116
0.0982119208739
0.0982119209384
0.098211921005
0.0982119210738
0.0982119211447
0.0982119212178
0.098211921293
0.0982119213704
0.0982119214499
0.0982119215315
0.0982119216153
0.0982119217012
0.0982119217893
0.0982119218794
0.0982119219717
0.0982119220661
0.0982119221626
0.0982119222612
0.098211922362
0.0982119224648
0.0982119225697
0.0982119226767
0.0982119227858
0.098211922897
0.0982119230102
0.0982119231256
0.0982119232429
0.0982119233624
0.0982119234838
0.0982119236074
0.0982119237329
0.0982119238605
0.0982119239901
0.0982119241217
0.0982119242554
0.098211924391
0.0982119245286
0.0982119246682
0.0982119248098
0.0982119249533
0.0982119250988
0.0982119252463
0.0982119253957
0.098211925547
0.0982119257002
0.0982119258554
0.0982119260124
0.0982119261714
0.0982119263322
0.098211926495
0.0982119266595
0.098211926826
0.0982119269942
0.0982119271643
0.0982119273362
0.09821192751
0.0982119276855
0.0982119278628
0.0982119280419
0.0982119282227
0.0982119284053
0.0982119285897
0.0982119287757
0.0982119289635
0.098211929153
0.0982119293442
0.098211929537
0.0982119297315
0.0982119299277
0.0982119301254
0.0982119303249
0.0982119305259
0.0982119307285
0.0982119309327
0.0982119311384
0.0982119313457
0.0982119315545
0.0982119317649
0.0982119319768
0.0982119321901
0.098211932405
0.0982119326213
0.098211932839
0.0982119330582
0.0982119332787
0.0982119335007
0.0982119337241
0.0982119339488
0.0982119341749
0.0982119344023
0.098211934631
0.098211934861
0.0982119350924
0.0982119353249
0.0982119355588
0.0982119357938
0.0982119360301
0.0982119362675
0.0982119365062
0.098211936746
0.0982119369869
0.098211937229
0.0982119374722
0.0982119377164
0.0982119379618
0.0982119382082
0.0982119384556
0.098211938704
0.0982119389534
0.0982119392038
0.0982119394552
0.0982119397075
0.0982119399607
0.0982119402148
0.0982119404698
0.0982119407257
0.0982119409823
0.0982119412399
0.0982119414982
0.0982119417573
0.0982119420171
0.0982119422777
0.098211942539
0.098211942801
0.0982119430637
0.0982119433271
0.098211943591
0.0982119438556
0.0982119441208
0.0982119443866
0.0982119446529
0.0982119449198
0.0982119451871
0.098211945455
0.0982119457233
0.0982119459921
0.0982119462613
0.0982119465309
0.0982119468009
0.0982119470712
0.0982119473419
0.0982119476129
0.0982119478842
0.0982119481558
0.0982119484276
0.0982119486996
0.0982119489719
0.0982119492443
0.0982119495169
0.0982119497897
0.0982119500625
0.0982119503355
0.0982119506085
0.0982119508816
0.0982119511547
0.0982119514278
0.0982119517009
0.098211951974
0.0982119522469
0.0982119525199
0.0982119527927
0.0982119530653
0.0982119533379
0.0982119536102
0.0982119538824
0.0982119541543
0.098211954426
0.0982119546974
0.0982119549685
0.0982119552393
0.0982119555098
0.0982119557799
0.0982119560497
0.098211956319
0.0982119565879
0.0982119568563
0.0982119571243
0.0982119573918
0.0982119576588
0.0982119579252
0.0982119581911
0.0982119584564
0.098211958721
0.098211958985
0.0982119592484
0.0982119595111
0.0982119597731
0.0982119600344
0.0982119602949
0.0982119605547
0.0982119608136
0.0982119610718
0.0982119613291
0.0982119615855
0.0982119618411
0.0982119620957
0.0982119623494
0.0982119626022
0.098211962854
0.0982119631048
0.0982119633546
0.0982119636033
0.098211963851
0.0982119640976
0.0982119643431
0.0982119645875
0.0982119648307
0.0982119650727
0.0982119653135
0.0982119655532
0.0982119657915
0.0982119660287
0.0982119662645
0.098211966499
0.0982119667322
0.0982119669641
0.0982119671946
0.0982119674237
0.0982119676514
0.0982119678776
0.0982119681024
0.0982119683257
0.0982119685476
0.0982119687679
0.0982119689866
0.0982119692039
0.0982119694195
0.0982119696335
0.0982119698459
0.0982119700567
0.0982119702658
0.0982119704733
0.098211970679
0.098211970883
0.0982119710853
0.0982119712858
0.0982119714846
0.0982119716815
0.0982119718766
0.0982119720699
0.0982119722613
0.0982119724509
0.0982119726385
0.0982119728243
0.0982119730081
0.0982119731899
0.0982119733698
0.0982119735477
0.0982119737236
0.0982119738975
0.0982119740693
0.0982119742391
0.0982119744068
0.0982119745724
0.0982119747359
0.0982119748973
0.0982119750565
0.0982119752136
0.0982119753685
0.0982119755212
0.0982119756716
0.0982119758199
0.0982119759659
0.0982119761096
0.0982119762511
0.0982119763903
0.0982119765271
0.0982119766617
0.0982119767939
0.0982119769238
0.0982119770512
0.0982119771763
0.0982119772991
0.0982119774194
0.0982119775372
0.0982119776527
0.0982119777656
0.0982119778761
0.0982119779842
0.0982119780897
0.0982119781927
0.0982119782933
0.0982119783912
0.0982119784867
0.0982119785795
0.0982119786698
0.0982119787576
0.0982119788427
0.0982119789252
0.0982119790051
0.0982119790824
0.098211979157
0.098211979229
0.0982119792983
0.098211979365
0.0982119794289
0.0982119794902
0.0982119795488
0.0982119796046
0.0982119796578
0.0982119797082
0.0982119797558
0.0982119798007
0.0982119798429
0.0982119798823
0.0982119799189
0.0982119799527
0.0982119799837
0.098211980012
0.0982119800374
0.09821198006
0.0982119800798
0.0982119800968
0.0982119801109
0.0982119801222
0.0982119801306
0.0982119801362
0.0982119801389
0.0982119801388
0.0982119801358
0.0982119801299
0.0982119801211
0.0982119801095
0.098211980095
0.0982119800775
0.0982119800572
0.0982119800339
0.0982119800078
0.0982119799788
0.0982119799468
0.0982119799119
0.0982119798741
0.0982119798334
0.0982119797897
0.0982119797432
0.0982119796937
0.0982119796413
0.0982119795859
0.0982119795276
0.0982119794664
0.0982119794022
0.0982119793352
0.0982119792651
0.0982119791922
0.0982119791163
0.0982119790375
0.0982119789557
0.098211978871
0.0982119787834
0.0982119786929
0.0982119785994
0.098211978503
0.0982119784037
0.0982119783015
0.0982119781963
0.0982119780882
0.0982119779772
0.0982119778633
0.0982119777465
0.0982119776268
0.0982119775042
0.0982119773787
0.0982119772503
0.0982119771191
0.0982119769849
0.0982119768479
0.098211976708
0.0982119765652
0.0982119764196
0.0982119762711
0.0982119761198
0.0982119759656
0.0982119758086
0.0982119756488
0.0982119754861
0.0982119753207
0.0982119751524
0.0982119749813
0.0982119748075
0.0982119746309
0.0982119744515
0.0982119742693
0.0982119740844
0.0982119738967
0.0982119737063
0.0982119735132
0.0982119733174
0.0982119731188
0.0982119729176
0.0982119727137
0.0982119725071
0.0982119722978
0.0982119720859
0.0982119718714
0.0982119716542
0.0982119714344
0.098211971212
0.098211970987
0.0982119707595
0.0982119705293
0.0982119702966
0.0982119700614
0.0982119698237
0.0982119695834
0.0982119693407
0.0982119690954
0.0982119688477
0.0982119685976
0.0982119683449
0.0982119680899
0.0982119678325
0.0982119675726
0.0982119673104
0.0982119670459
0.0982119667789
0.0982119665097
0.0982119662381
0.0982119659643
0.0982119656881
0.0982119654097
0.0982119651291
0.0982119648462
0.0982119645611
0.0982119642738
0.0982119639843
0.0982119636927
0.098211963399
0.0982119631031
0.0982119628051
0.0982119625051
0.098211962203
0.0982119618988
0.0982119615926
0.0982119612845
0.0982119609743
0.0982119606622
0.0982119603481
0.0982119600321
0.0982119597142
0.0982119593944
0.0982119590728
0.0982119587494
0.0982119584241
0.098211958097
0.0982119577681
0.0982119574376
0.0982119571052
0.0982119567712
0.0982119564355
0.0982119560981
0.0982119557591
0.0982119554185
0.0982119550763
0.0982119547325
0.0982119543872
0.0982119540403
0.098211953692
0.0982119533421
0.0982119529909
0.0982119526382
0.0982119522841
0.0982119519286
0.0982119515718
0.0982119512137
0.0982119508542
0.0982119504935
0.0982119501315
0.0982119497683
0.098211949404
0.0982119490384
0.0982119486717
0.0982119483038
0.0982119479349
0.0982119475649
0.0982119471939
0.0982119468218
0.0982119464488
0.0982119460747
0.0982119456998
0.0982119453239
0.0982119449472
0.0982119445696
0.0982119441912
0.0982119438119
0.0982119434319
0.0982119430512
0.0982119426697
0.0982119422876
0.0982119419048
0.0982119415213
0.0982119411373
0.0982119407527
0.0982119403675
0.0982119399818
0.0982119395956
0.0982119392089
0.0982119388218
0.0982119384343
0.0982119380465
0.0982119376582
0.0982119372697
0.0982119368809
0.0982119364918
0.0982119361024
0.0982119357129
0.0982119353232
0.0982119349334
0.0982119345434
0.0982119341534
0.0982119337632
0.0982119333731
0.098211932983
0.0982119325929
0.0982119322029
0.0982119318129
0.0982119314231
0.0982119310334
0.0982119306439
0.0982119302547
0.0982119298656
0.0982119294769
0.0982119290884
0.0982119287003
0.0982119283125
0.0982119279252
0.0982119275382
0.0982119271517
0.0982119267657
0.0982119263802
0.0982119259953
0.0982119256109
0.0982119252271
0.098211924844
0.0982119244615
0.0982119240797
0.0982119236987
0.0982119233184
0.0982119229388
0.0982119225601
0.0982119221823
0.0982119218053
0.0982119214292
0.0982119210541
0.0982119206799
0.0982119203067
0.0982119199346
0.0982119195635
0.0982119191935
0.0982119188246
0.0982119184569
0.0982119180903
0.098211917725
0.0982119173608
0.098211916998
0.0982119166364
0.0982119162762
0.0982119159173
0.0982119155598
0.0982119152038
0.0982119148491
0.098211914496
0.0982119141443
0.0982119137942
0.0982119134457
0.0982119130987
0.0982119127534
0.0982119124097
0.0982119120677
0.0982119117273
0.0982119113888
0.098211911052
0.098211910717
0.0982119103838
0.0982119100524
0.098211909723
0.0982119093954
0.0982119090698
0.0982119087462
0.0982119084245
0.0982119081049
0.0982119077873
0.0982119074718
0.0982119071584
0.0982119068471
0.098211906538
0.0982119062311
0.0982119059263
0.0982119056239
0.0982119053237
0.0982119050257
0.0982119047301
0.0982119044369
0.098211904146
0.0982119038575
0.0982119035715
0.0982119032879
0.0982119030068
0.0982119027282
0.0982119024521
0.0982119021786
0.0982119019076
0.0982119016393
0.0982119013736
0.0982119011105
0.0982119008501
0.0982119005924
0.0982119003375
0.0982119000853
0.0982118998359
0.0982118995893
0.0982118993455
0.0982118991046
0.0982118988665
0.0982118986313
0.0982118983991
0.0982118981698
0.0982118979434
0.0982118977201
0.0982118974997
0.0982118972824
0.0982118970681
0.0982118968569
0.0982118966488
0.0982118964439
0.098211896242
0.0982118960433
0.0982118958478
0.0982118956555
0.0982118954665
0.0982118952806
0.0982118950981
0.0982118949188
0.0982118947428
0.0982118945701
0.0982118944008
0.0982118942348
0.0982118940722
0.098211893913
0.0982118937572
0.0982118936049
0.098211893456
0.0982118933106
0.0982118931686
0.0982118930302
0.0982118928952
0.0982118927639
0.098211892636
0.0982118925118
0.0982118923911
0.098211892274
0.0982118921605
0.0982118920507
0.0982118919445
0.098211891842
0.0982118917431
0.0982118916479
0.0982118915565
0.0982118914687
0.0982118913847
0.0982118913045
0.098211891228
0.0982118911552
0.0982118910863
0.0982118910211
0.0982118909597
0.0982118909022
0.0982118908485
0.0982118907986
0.0982118907526
0.0982118907105
0.0982118906722
0.0982118906378
0.0982118906073
0.0982118905808
0.0982118905581
0.0982118905393
0.0982118905245
0.0982118905136
0.0982118905067
0.0982118905037
0.0982118905047
0.0982118905097
0.0982118905186
0.0982118905315
0.0982118905484
0.0982118905694
0.0982118905943
0.0982118906232
0.0982118906562
0.0982118906931
0.0982118907341
0.0982118907791
0.0982118908282
0.0982118908813
0.0982118909384
0.0982118909996
0.0982118910649
0.0982118911341
0.0982118912075
0.0982118912849
0.0982118913663
0.0982118914519
0.0982118915415
0.0982118916351
0.0982118917328
0.0982118918346
0.0982118919404
0.0982118920504
0.0982118921643
0.0982118922824
0.0982118924045
0.0982118925307
0.0982118926609
0.0982118927952
0.0982118929335
0.0982118930759
0.0982118932224
0.0982118933729
0.0982118935274
0.098211893686
0.0982118938487
0.0982118940153
0.098211894186
0.0982118943608
0.0982118945395
0.0982118947223
0.098211894909
0.0982118950998
0.0982118952946
0.0982118954934
0.0982118956961
0.0982118959028
0.0982118961135
0.0982118963282
0.0982118965468
0.0982118967693
0.0982118969958
0.0982118972262
0.0982118974606
0.0982118976988
0.0982118979409
0.098211898187
0.0982118984369
0.0982118986906
0.0982118989483
0.0982118992098
0.0982118994751
0.0982118997442
0.0982119000171
0.0982119002939
0.0982119005744
0.0982119008587
0.0982119011467
0.0982119014385
0.0982119017341
0.0982119020333
0.0982119023362
0.0982119026429
0.0982119029532
0.0982119032671
0.0982119035847
0.0982119039059
0.0982119042307
0.0982119045592
0.0982119048912
0.0982119052267
0.0982119055658
0.0982119059084
0.0982119062545
0.0982119066041
0.0982119069572
0.0982119073137
0.0982119076736
0.098211908037
0.0982119084037
0.0982119087738
0.0982119091473
0.0982119095241
0.0982119099042
0.0982119102876
0.0982119106742
0.0982119110641
0.0982119114573
0.0982119118536
0.0982119122531
0.0982119126557
0.0982119130615
0.0982119134704
0.0982119138824
0.0982119142975
0.0982119147155
0.0982119151366
0.0982119155607
0.0982119159878
0.0982119164178
0.0982119168507
0.0982119172865
0.0982119177252
0.0982119181667
0.098211918611
0.0982119190581
0.0982119195079
0.0982119199605
0.0982119204158
0.0982119208738
0.0982119213344
0.0982119217977
0.0982119222635
0.0982119227319
0.0982119232028
0.0982119236763
0.0982119241522
0.0982119246306
0.0982119251114
0.0982119255945
0.0982119260801
0.098211926568
0.0982119270581
0.0982119275506
0.0982119280453
0.0982119285421
0.0982119290412
0.0982119295424
0.0982119300457
0.0982119305511
0.0982119310586
0.0982119315681
0.0982119320795
0.0982119325929
0.0982119331082
0.0982119336255
0.0982119341445
0.0982119346654
0.0982119351881
0.0982119357125
0.0982119362386
0.0982119367665
0.0982119372959
0.098211937827
0.0982119383597
0.0982119388939
0.0982119394296
0.0982119399669
0.0982119405055
0.0982119410455
0.098211941587
0.0982119421297
0.0982119426738
0.0982119432191
0.0982119437656
0.0982119443134
0.0982119448622
0.0982119454122
0.0982119459633
0.0982119465154
0.0982119470686
0.0982119476227
0.0982119481777
0.0982119487336
0.0982119492904
0.098211949848
0.0982119504063
0.0982119509655
0.0982119515253
0.0982119520858
0.0982119526469
0.0982119532086
0.0982119537708
0.0982119543336
0.0982119548968
0.0982119554605
0.0982119560246
0.098211956589
0.0982119571537
0.0982119577188
0.098211958284
0.0982119588495
0.0982119594151
0.0982119599808
0.0982119605467
0.0982119611125
0.0982119616784
0.0982119622442
0.09821196281
0.0982119633756
0.0982119639411
0.0982119645063
0.0982119650714
0.0982119656361
0.0982119662006
0.0982119667646
0.0982119673283
0.0982119678916
0.0982119684543
0.0982119690166
0.0982119695782
0.0982119701393
0.0982119706998
0.0982119712595
0.0982119718186
0.0982119723768
0.0982119729343
0.0982119734909
0.0982119740467
0.0982119746015
0.0982119751553
0.0982119757081
0.0982119762599
0.0982119768106
0.0982119773602
0.0982119779086
0.0982119784558
0.0982119790018
0.0982119795464
0.0982119800897
0.0982119806317
0.0982119811722
0.0982119817113
0.0982119822489
0.098211982785
0.0982119833194
0.0982119838523
0.0982119843835
0.098211984913
0.0982119854408
0.0982119859668
0.098211986491
0.0982119870134
0.0982119875338
0.0982119880523
0.0982119885688
0.0982119890834
0.0982119895958
0.0982119901062
0.0982119906144
0.0982119911205
0.0982119916244
0.098211992126
0.0982119926253
0.0982119931223
0.0982119936169
0.0982119941091
0.0982119945988
0.0982119950861
0.0982119955708
0.098211996053
0.0982119965326
0.0982119970096
0.0982119974838
0.0982119979554
0.0982119984242
0.0982119988902
0.0982119993534
0.0982119998137
0.0982120002711
0.0982120007256
0.0982120011771
0.0982120016256
0.098212002071
0.0982120025134
)
;

boundaryField
{
    top
    {
        type            calculated;
        value           uniform 0.0982120027309;
    }
    bottom
    {
        type            calculated;
        value           uniform 0.243;
    }
    sides
    {
        type            empty;
    }
}


// ************************************************************************* //
