# Probe 0 (605.29 4801.18 50)
# Probe 1 (800.16 4503.7 50)
# Probe 2 (897.8 4127.91 50)
# Probe 3 (729.96 4205.34 50)
# Probe 4 (718.8 3820.61 50)
# Probe 5 (512.67 4464.77 50)
# Probe 6 (519.65 4486.37 50)
# Probe 7 (1064.67 4397.45 50)
# Probe 8 (582.65 4268.11 50)
# Probe 9 (501.34 3840.54 50)
# Probe 10 (660.39 4022.16 50)
# Probe 11 (658.6 4022.78 50)
# Probe 12 (510.69 4273.08 50)
# Probe 13 (730 3650 50)
# Probe 14 (1450 3650 50)
# Time            0                 1                 2                 3                 4                 5                 6                 7                 8                 9                 10                11                12                13                14               
0                 0                 0                 0                 0                 0                 0                 0                 0                 0                 0                 0                 0                 0                 0                 0                
31557600          4.063845976e-30   7.733386196e-30   2.627203362e-36   2.319391391e-24   3.830707311e-43   4.416762854e-05   0.001311236206    4.725982237e-52   2.026233975e-16   5.62264103e-44    2.347851201e-32   2.972880478e-32   6.01082198e-18    2.247883004e-52   6.719730894e-73  
63115200          1.287743729e-23   3.333663377e-22   6.914136405e-26   1.947998312e-17   2.777433415e-30   0.0002371208363   0.003084372267    1.997187963e-37   4.549513971e-12   2.534965189e-31   1.341325984e-22   1.579911801e-22   2.444915792e-13   7.803843276e-37   4.276423808e-52  
94672800          1.390252075e-19   6.563427557e-18   2.491172814e-20   1.101211861e-13   1.64043923e-23    0.0007064188276   0.005806079189    1.184388214e-29   1.456385942e-09   1.34597387e-24    1.845741907e-17   2.096680778e-17   1.156060259e-10   1.107599167e-28   2.831042438e-41  
126230400         1.859846137e-18   9.576452531e-17   9.75768883e-19    9.521209565e-13   1.9190557e-21     0.0009551907903   0.007019009418    2.787717251e-27   5.579741835e-09   1.617004109e-22   4.557748513e-16   5.102613225e-16   4.957449736e-10   4.947674674e-26   1.703264465e-37  
157788000         5.444208893e-17   2.863766069e-15   6.633049314e-17   1.735437754e-11   3.173942244e-19   0.001463459243    0.009227953999    8.208224536e-25   4.009572601e-08   2.808485593e-20   2.035741815e-14   2.250628783e-14   4.155086679e-09   2.512007765e-23   3.376458145e-34  
189345600         8.059611e-16      4.243244673e-14   1.542177698e-15   2.032330986e-10   1.081457342e-17   0.002185715605    0.01205996934     2.675729269e-23   2.262525214e-07   9.386818355e-19   4.019819125e-13   4.414083737e-13   2.655493588e-08   1.198840737e-21   4.494267314e-33  
220903200         5.810255477e-15   3.024064315e-13   1.721854721e-14   1.315873153e-09   1.718171418e-16   0.002986859242    0.01493335004     3.805443572e-22   8.331596419e-07   1.449948e-17      3.972312587e-12   4.335499852e-12   1.049498533e-07   2.523003393e-20   3.689606532e-31  
252460800         6.35784133e-14    3.424942934e-12   3.876106993e-13   1.67498833e-08    6.834684017e-15   0.004205922283    0.015441389       8.307656452e-21   4.970553048e-06   5.182049441e-16   8.951316153e-11   9.672723895e-11   6.505577661e-07   1.267665292e-18   3.273451237e-29  
284018400         1.175457827e-13   6.499997766e-12   9.515278583e-13   3.668940024e-08   2.177198049e-14   0.004422965362    0.01418555044     1.753132696e-20   8.592743524e-06   1.512568291e-15   2.372881285e-10   2.555281558e-10   1.108573925e-06   4.239853052e-18   8.341835188e-29  
315576000         4.572283376e-13   2.229635129e-11   5.588283941e-12   1.425793828e-07   1.991532053e-13   0.004441149219    0.01138096578     7.916745918e-20   2.061176165e-05   1.174880042e-14   1.35821418e-09    1.455865395e-09   2.72671052e-06    4.878949708e-17   5.927338688e-28  
347133600         9.737871292e-13   4.207890035e-11   1.383472408e-11   2.55643223e-07    5.970122306e-13   0.004305759045    0.009886216405    2.076868027e-19   2.932321566e-05   3.399432885e-14   3.010712892e-09   3.218292376e-09   4.012881293e-06   1.841934715e-16   3.068353397e-27  
378691200         2.570902897e-12   9.620211884e-11   4.273543159e-11   5.191364402e-07   2.294553498e-12   0.004007055568    0.007668209179    8.424086263e-19   4.487329804e-05   1.292870931e-13   7.944844917e-09   8.460787221e-09   6.467017612e-06   9.596575492e-16   2.380242333e-26  
410248800         6.555756942e-12   2.176790021e-10   1.260978256e-10   1.015912757e-06   8.428366084e-12   0.003576067668    0.005302136885    3.486263932e-18   6.661191266e-05   4.7460382e-13     2.011855676e-08   2.133983937e-08   1.016177357e-05   4.707125453e-15   1.688481537e-25  
441806400         1.495271819e-11   4.739029961e-10   3.470690099e-10   2.017397843e-06   2.9983636e-11     0.003036988054    0.003581352658    1.126433039e-17   9.997458925e-05   1.630827632e-12   5.192969008e-08   5.479847718e-08   1.610384766e-05   1.988008835e-14   7.291717527e-25  
473364000         2.617798681e-11   8.108728097e-10   7.307547744e-10   3.413885078e-06   8.655837951e-11   0.002680426103    0.00299883864     2.435473235e-17   0.0001338214216   4.272870724e-12   1.106351529e-07   1.162689986e-07   2.237428578e-05   6.676511463e-14   1.741368097e-24  
504921600         3.966057812e-11   1.168179835e-09   1.216918757e-09   4.770043316e-06   1.742164556e-10   0.002462993418    0.002688958643    4.158670156e-17   0.0001589680855   8.088290596e-12   1.783909547e-07   1.870881314e-07   2.751359503e-05   1.533822465e-13   3.097610605e-24  
536479200         1.120586305e-10   2.816000824e-09   4.033978851e-09   9.5375541e-06     8.138055083e-10   0.002055523263    0.002168582855    1.595531483e-16   0.0002207878485   3.553273788e-11   4.90665068e-07    5.123071085e-07   4.225272278e-05   1.043951277e-12   2.322208418e-23  
568036800         1.90108702e-10    4.37701453e-09    7.180086465e-09   1.284326132e-05   1.659764167e-09   0.001896573675    0.001979187879    3.571078814e-16   0.000251090932    7.379831332e-11   7.688449243e-07   8.009998688e-07   5.070909453e-05   2.695770555e-12   9.577180702e-23  
599594400         3.406685049e-10   7.192239993e-09   1.346191615e-08   1.769166859e-05   3.585209317e-09   0.001729041874    0.001785237587    9.264252031e-16   0.0002865593772   1.647188148e-10   1.252183051e-06   1.301234343e-06   6.166797227e-05   7.496612437e-12   4.410481278e-22  
631152000         5.814525488e-10   1.141061397e-08   2.389959626e-08   2.351501644e-05   7.286808509e-09   0.001586414089    0.001624304505    2.312369445e-15   0.0003195090633   3.464635134e-10   1.950269835e-06   2.021675216e-06   7.312786615e-05   1.930812087e-11   1.722457378e-21  
662709600         9.497341905e-10   1.748067329e-08   4.037413004e-08   3.02824774e-05    1.401284896e-08   0.001463545733    0.001488274993    5.426995585e-15   0.0003492939759   6.878328898e-10   2.915305593e-06   3.015035759e-06   8.481124015e-05   4.630758531e-11   6.128524622e-21  
694267200         1.492998935e-09   2.59319443e-08    6.529575042e-08   3.79209923e-05    2.564903192e-08   0.001356517157    0.00137155904     1.197213122e-14   0.0003755815457   1.296593939e-09   4.199226735e-06   4.333426205e-06   9.647715823e-05   1.042453415e-10   1.97923576e-20   
725824800         2.269329084e-09   3.736616489e-08   1.016032935e-07   4.631891194e-05   4.489923378e-08   0.001262400593    0.00127018386     2.497552307e-14   0.0003982898351   2.334185352e-09   5.849541375e-06   6.024158648e-06   0.0001079188307   2.218191106e-10   5.746721896e-20  
757382400         3.347707183e-09   5.244568725e-08   1.527298276e-07   5.533833187e-05   7.546041511e-08   0.001178967225    0.001181238387    4.961345022e-14   0.0004175129224   4.032905885e-09   7.905619666e-06   8.126015013e-06   0.0001189691373   4.48795921e-10    1.566307687e-19  
788940000         4.807930708e-09   7.187970041e-08   2.225403591e-07   6.48279341e-05    1.22169966e-07    0.001104486928    0.001102534085    9.442737933e-14   0.0004334549337   6.714479207e-09   1.039578903e-05   1.066639357e-05   0.0001294991143   8.67644831e-10    4.063743129e-19  
820497600         6.740038213e-09   9.640882162e-08   3.152426994e-07   7.463400014e-05   1.911026346e-07   0.00103759274     0.001032385049    1.730618419e-13   0.0004463796247   1.080855913e-08   1.333547849e-05   1.365953279e-05   0.0001394148925   1.609346045e-09   1.003590631e-18  
852055200         9.243243178e-09   1.267881426e-07   4.352734624e-07   8.460876566e-05   2.895962329e-07   0.0009771877547   0.0009694657892   3.066772818e-13   0.0004565756252   1.686957828e-08   1.67264915e-05    1.710588404e-05   0.0001486530351   2.873796954e-09   2.366502922e-18  
883612800         1.242441269e-08   1.637695152e-07   5.871649595e-07   9.461626745e-05   4.26191462e-07    0.0009223798136   0.0009127164813   5.272094608e-13   0.000464333952    2.55903956e-08    2.055735975e-05   2.099256848e-05   0.0001571756219   4.954841339e-09   5.312615115e-18  
915170400         1.639616354e-08   2.080839279e-07   7.754019449e-07   0.0001045359349   6.104802482e-07   0.0008724348134   0.0008612778585   8.81656689e-13    0.0004699344196   3.781138832e-08   2.48046106e-05    2.529474019e-05   0.0001649654463   8.269430325e-09   1.145742915e-17  
946728000         2.127466664e-08   2.604247356e-07   1.004278233e-06   0.0001142642899   8.528673224e-07   0.000826742616    0.0008144449582   1.437593987e-12   0.0004736381231   5.452392382e-08   2.943468932e-05   2.997758576e-05   0.0001720216633   1.338983473e-08   2.381830034e-17  
978285600         2.71772659e-08    3.214323731e-07   1.27776257e-06    0.0001237152026   1.164259646e-06   0.0007847916257   0.0007716334348   2.290109645e-12   0.0004756839065   7.68675249e-08    3.440624236e-05   3.499866166e-05   0.0001783559948   2.107724248e-08   4.782662688e-17  
1009843200        3.422001935e-08   3.916810152e-07   1.599381178e-06   0.0001328191578   1.555706059e-06   0.0007461494829   0.0007323544967   3.570352397e-12   0.0004762873373   1.061204673e-07   3.967248893e-05   4.031029594e-05   0.0001839895254   3.23145777e-08    9.294874455e-17  
1041400800        4.251526815e-08   4.716675005e-07   1.97212203e-06    0.000141521921    2.038014109e-06   0.000710448183    0.0006961959399   5.455851964e-12   0.0004756411761   1.43683996e-07    4.518346731e-05   4.586184384e-05   0.0001889500603   4.833605351e-08   1.754514862e-16  
1072958400        5.216932306e-08   5.618026853e-07   2.398363494e-06   0.0001497828969   2.62137191e-06    0.0006773724594   0.0006628075817   8.182768726e-12   0.000473916673    1.910607718e-07   5.088801626e-05   5.160166266e-05   0.0001932699875   7.065088282e-08   3.22099782e-16   
1104516000        6.32803507e-08    6.624052943e-07   2.879828067e-06   0.0001575733849   3.315000453e-06   0.0006466506147   0.0006318899302   1.206015639e-11   0.0004712652696   2.498285246e-07   5.673542014e-05   5.747873982e-05   0.0001969845815   1.01058751e-07    5.762294743e-16  
1136073600        7.593652255e-08   7.736982022e-07   3.417560147e-06   0.0001648748624   4.126856728e-06   0.0006180472119   0.0006031852726   1.748628443e-11   0.0004678204482   3.216101389e-07   6.26767002e-05    6.344396125e-05   0.0002001306783   1.416550953e-07   1.006167752e-15  
1167631200        9.021446566e-08   8.958070112e-07   4.011925684e-06   0.0001716773722   5.0634015e-06     0.0005913571966   0.0005764705937   2.496702658e-11   0.0004636995786   4.080415466e-07   6.866557065e-05   6.945104213e-05   0.0002027456586   1.94824881e-07    1.717348331e-15  
1199188800        1.061780443e-07   1.028760726e-06   4.662630781e-06   0.0001779780558   6.129438651e-06   0.0005664011324   0.000551551897    3.513622487e-11   0.0004590056788   5.107388243e-07   7.465909772e-05   7.54571608e-05    0.000204866682    2.63224353e-07    2.869813095e-15  
1230746400        1.238774811e-07   1.172494279e-06   5.36875587e-06    0.0001837798508   7.328026659e-06   0.0005430213086   0.0005282596126   4.877788586e-11   0.0004538290467   6.312658147e-07   8.061810933e-05   8.142334474e-05   0.000206530123    3.497510593e-07   4.701518194e-15  
1262304000        1.433488108e-07   1.326852626e-06   6.128802057e-06   0.0001890903507   8.660457644e-06   0.0005210785398   0.0005064448547   6.684999786e-11   0.0004482487468   7.71103446e-07    8.650740312e-05   8.731465756e-05   0.0002077711668   4.575032253e-07   7.559742444e-15  
1293861600        1.646136517e-07   1.491596157e-06   6.940746318e-06   0.000193920824    1.012629575e-05   0.0005004495163   0.0004859763505   9.050967563e-11   0.0004423339469   9.316217179e-07   9.229579812e-05   9.310023213e-05   0.0002086235316   5.89730198e-07    1.194300192e-14  
1325419200        1.876792693e-07   1.666407108e-06   7.802102506e-06   0.0001982853768   1.172346458e-05   0.0004810245982   0.0004667379023   1.211392904e-10   0.0004361451107   1.1140551e-06     9.795606872e-05   9.875318906e-05   0.0002091192888   7.497761555e-07   1.855580249e-14  
1356976800        2.125388992e-07   1.850896747e-06   8.709985495e-06   0.0002022002473   1.344837251e-05   0.0004627059688   0.0004486262778   1.603731661e-10   0.0004297350552   1.319481853e-06   0.0001034647942   0.0001042504732   0.0002092887577   9.410195422e-07   2.837734705e-14  
1388534400        2.391722947e-07   2.044613056e-06   9.661176223e-06   0.000205683215    1.529606506e-05   0.0004454060793   0.0004315494464   2.101243971e-10   0.0004231498841   1.548807569e-06   0.0001088021505   0.0001095726347   0.0002091604588   1.166810751e-06   4.274959572e-14  
1420092000        2.675464619e-07   2.247048707e-06   1.065218577e-05   0.0002087531113   1.72603943e-05    0.0004290463342   0.0004154250971   2.726112655e-10   0.0004164298099   1.802753031e-06   0.0001139516645   0.0001147035756   0.000208761109    1.430410465e-06   6.349053962e-14  
1451649600        2.976165429e-07   2.457649137e-06   1.1679317e-05     0.000211429417    1.933419677e-05   0.0004135559734   0.000400179385    3.503828132e-10   0.0004096098757   2.081846305e-06   0.0001188999488   0.0001196302772   0.0002081156481   1.734930812e-06   9.302623905e-14  
1483207200        3.293268134e-07   2.675820543e-06   1.273872274e-05   0.0002137319337   2.150947258e-05   0.0003988711184   0.0003857458689   4.463429353e-10   0.0004027205888   2.386418889e-06   0.0001236364277   0.0001243425215   0.0002072472895   2.083281156e-06   1.345573088e-13  
1514764800        3.626117586e-07   2.900937672e-06   1.382645963e-05   0.0002156805199   2.37775603e-05    0.0003849339548   0.0003720646044   5.637725718e-10   0.0003957884762   2.716605573e-06   0.0001281530649   0.0001288326152   0.0002061775848   2.478119898e-06   1.922556745e-13  
1546322400        3.973971969e-07   3.132351293e-06   1.49385373e-05    0.0002172948791   2.612930323e-05   0.0003716920287   0.0003590813677   7.06349454e-10    0.0003888365708   3.072347661e-06   0.0001324440974   0.0001330951207   0.0002049264997   2.92181332e-06    2.714936882e-13  
1577880000        4.33601426e-07    3.369395247e-06   1.607096238e-05   0.0002185943933   2.855520415e-05   0.000359097639    0.0003467469882   8.781649157e-10   0.0003818848382   3.453399115e-06   0.0001365057826   0.0001371266021   0.0002035124966   3.416402025e-06   3.7911643e-13    
1609437600        4.711363642e-07   3.611393045e-06   1.721977752e-05   0.0002195979944   3.104556658e-05   0.0003471073109   0.0003350167729   1.083737314e-09   0.0003749505502   3.859335179e-06   0.0001403361594   0.0001409253848   0.0002019526198   3.963575241e-06   5.237598879e-13  
1640995200        5.099086711e-07   3.857663931e-06   1.838109524e-05   0.0002203240661   3.359062152e-05   0.0003356813375   0.0003238500074   1.32802181e-09    0.0003680486119   4.289563031e-06   0.0001439348264   0.0001444913332   0.0002002625812   4.564652884e-06   7.162091109e-13  
1672552800        5.498208278e-07   4.10752841e-06    1.955112702e-05   0.0002207903714   3.618063923e-05   0.0003247833807   0.0003132095227   1.616416076e-09   0.0003611918493   4.743334041e-06   0.000147302737    0.0001478256456   0.000198456847    5.220575096e-06   9.698017978e-13  
1704110400        5.907721657e-07   4.360313221e-06   2.072620756e-05   0.0002210140024   3.880602617e-05   0.0003143801209   0.0003030613173   1.954761676e-09   0.0003543912609   5.21975721e-06    0.0001504420118   0.000150930668    0.0001965487201   5.931898719e-06   1.300882686e-12  
1735668000        6.326598336e-07   4.615355755e-06   2.190281489e-05   0.0002210113458   4.145740767e-05   0.0003044409506   0.0002933742266   2.349341056e-09   0.0003476562387   5.717813435e-06   0.0001533557688   0.0001538097233   0.0001945504209   6.698800072e-06   1.729307653e-12  
1767225600        6.753796963e-07   4.872007925e-06   2.307758638e-05   0.0002207980635   4.412569707e-05   0.0002949377036   0.0002841196333   2.806869908e-09   0.0003409947626   6.236370232e-06   0.0001560479697   0.0001564669595   0.0001924731647   7.521083306e-06   2.278993694e-12  
1798783200        7.188271617e-07   5.129639517e-06   2.424733111e-05   0.0002203890844   4.680215228e-05   0.0002858444167   0.0002752712121   3.334484955e-09   0.0003344135708   6.774196651e-06   0.0001585232817   0.0001589072121   0.0001903272347   8.398193569e-06   2.978512878e-12  
1830340800        7.628979298e-07   5.38764103e-06    2.540903906e-05   0.0002197986046   4.947842095e-05   0.0002771371188   0.0002668047052   3.939727213e-09   0.0003279183099   7.329978107e-06   0.0001607869544   0.0001611358815   0.0001881220511   9.329234176e-06   3.861735815e-12  
1861898400        8.074886676e-07   5.645426052e-06   2.655988727e-05   0.0002190400955   5.214657513e-05   0.0002687936437   0.0002586977229   4.630520859e-09   0.0003215136672   7.902330906e-06   0.00016284471     0.0001631588249   0.0001858662362   1.031298706e-05   4.968515703e-12  
1893456000        8.52497609e-07    5.902433194e-06   2.76972435e-05    0.0002181263172   5.479913677e-05   0.0002607934633   0.0002509295678   5.415147916e-09   0.0003152034864   8.489816291e-06   0.0001647026466   0.0001649822602   0.0001835676754   1.134793573e-05   6.345396021e-12  
1925013600        8.978250806e-07   6.158127611e-06   2.88186676e-05    0.0002170693357   5.742909502e-05   0.0002531175397   0.0002434810774   6.302218763e-09   0.0003089908709   9.090953893e-06   0.0001663671519   0.000166612681    0.0001812335738   1.243229016e-05   8.046358335e-12  
1956571200        9.433739577e-07   6.412002157e-06   2.992191104e-05   0.0002158805442   6.002991641e-05   0.0002457481924   0.0002363344855   7.300639051e-09   0.0003028782734   9.704234408e-06   0.0001678448288   0.000168056783    0.0001788705095   1.356401282e-05   1.01335907e-11   
1988128800        9.890500531e-07   6.663578203e-06   3.100491472e-05   0.0002145706862   6.259554891e-05   0.0002386689799   0.0002294732965   8.419573376e-09   0.0002968675761   1.032813149e-05   0.0001691424293   0.000169321399    0.0001764844828   1.474084555e-05   1.267826783e-11  
2019686400        1.034762444e-06   6.912406142e-06   3.206580541e-05   0.0002131498798   6.512042065e-05   0.0002318645932   0.0002228821746   9.668405906e-09   0.0002909601609   1.096111278e-05   0.0001702667976   0.0001704134429   0.0001740809617   1.596033652e-05   1.576133548e-11  
2051244000        1.080423742e-06   7.158065641e-06   3.310289107e-05   0.000211627644    6.759943435e-05   0.0002253207601   0.000216546844    1.105669829e-08   0.0002851569712   1.160164999e-05   0.0001712248206   0.0001713398614   0.0001716649245   1.721986715e-05   1.947429923e-11  
2082801600        1.125950302e-06   7.400165637e-06   3.411465524e-05   0.0002100129248   7.002795804e-05   0.0002190241597   0.0002104539983   1.25941457e-08    0.0002794585676   1.224822811e-05   0.0001720233853   0.0001721075918   0.0001692408984   1.851667839e-05   2.391998694e-11  
2114359200        1.171262393e-06   7.638344132e-06   3.509975064e-05   0.0002083141218   7.24018127e-05    0.000212962344    0.0002045912208   1.429053102e-08   0.0002738651756   1.289935369e-05   0.0001726693425   0.000172723527    0.0001668129965   1.984789628e-05   2.921329634e-11  
2145916800        1.216284317e-06   7.872267813e-06   3.605699233e-05   0.0002065391145   7.471725758e-05   0.0002071236682   0.0001989469105   1.615567789e-08   0.0002683767292   1.35535622e-05    0.0001731694756   0.0001731944847   0.0001643849503   2.121055637e-05   3.548189898e-11  
2177474400        1.260944486e-06   8.101631502e-06   3.698535023e-05   0.0002046952883   7.697097363e-05   0.0002014972275   0.0001935102175   1.819940289e-08   0.0002629929083   1.420942451e-05   0.0001735304749   0.0001735271827   0.0001619601413   2.260162702e-05   4.286691271e-11  
2209032000        1.305175469e-06   8.326157496e-06   3.788394162e-05   0.0002027895603   7.916004547e-05   0.0001960727988   0.0001882709826   2.04314674e-08    0.0002577131729   1.486555258e-05   0.0001737589153   0.0001737282172   0.0001595416288   2.401803127e-05   5.152351649e-11  
2240589600        1.348914003e-06   8.545594776e-06   3.875202321e-05   0.0002008284038   8.128194237e-05   0.0001908407891   0.0001832196836   2.286152962e-08   0.0002525367924   1.552060425e-05   0.0001738612386   0.0001738040453   0.0001571321765   2.545666732e-05   6.162146934e-11  
2272147200        1.392100977e-06   8.759718147e-06   3.95889833e-05    0.0001988178721   8.333449854e-05   0.0001857921877   0.0001783473866   2.549909698e-08   0.000247462872    1.617328739e-05   0.0001738437385   0.0001737609715   0.0001547342764   2.691442742e-05   7.334559826e-11  
2303704800        1.434681392e-06   8.968327296e-06   4.039433383e-05   0.0001967636224   8.531589301e-05   0.0001809185228   0.000173645701    2.83534795e-08    0.0002424903763   1.682236319e-05   0.000173712549    0.0001736051357   0.0001523501712   2.838821531e-05   8.689616771e-11  
2335262400        1.476604297e-06   9.171245799e-06   4.116770259e-05   0.0001946709374   8.722462942e-05   0.0001762118221   0.0001691067393   3.143374442e-08   0.0002376181495   1.746664895e-05   0.000173473635    0.000173342505    0.0001499818743   2.987496208e-05   1.024891701e-10  
2366820000        1.517822714e-06   9.368320085e-06   4.190882545e-05   0.000192544747    8.90595158e-05    0.0001716645772   0.0001647230804   3.474867229e-08   0.000232844934    1.810502014e-05   0.0001731327853   0.0001729788666   0.0001476311893   3.137164044e-05   1.203565166e-10  
2398377600        1.558293537e-06   9.55941838e-06    4.261753882e-05   0.0001903896483   9.08196447e-05    0.0001672697096   0.0001604877351   3.830671507e-08   0.0002281693863   1.873641195e-05   0.0001726956077   0.0001725198237   0.0001452997267   3.287527765e-05   1.407461197e-10  
2429935200        1.597977428e-06   9.744429628e-06   4.329377237e-05   0.0001882099256   9.250437357e-05   0.0001630205413   0.0001563941158   4.211595634e-08   0.0002235900917   1.935982031e-05   0.0001721675254   0.0001719707918   0.0001429889202   3.438296681e-05   1.639218533e-10  
2461492800        1.636838699e-06   9.923262401e-06   4.393754182e-05   0.0001860095683   9.411330575e-05   0.0001589107671   0.0001524360081   4.618407378e-08   0.0002191055765   1.997430247e-05   0.0001715537749   0.0001713369979   0.0001407000413   3.589187687e-05   1.901634136e-10  
2493050400        1.674845187e-06   1.009584382e-05   4.454894221e-05   0.0001837922888   9.5646272e-05     0.0001549344285   0.000148607545    5.051830442e-08   0.0002147143193   2.057897712e-05   0.0001708594057   0.0001706234793   0.0001384342126   3.739926138e-05   2.197660814e-10  
2524608000        1.711968116e-06   1.02621185e-05    4.512814125e-05   0.0001815615391   9.710331265e-05   0.000151085891    0.000144903183    5.512541253e-08   0.0002104147611   2.117302424e-05   0.0001700892803   0.0001698350848   0.0001361924206   3.890246579e-05   2.530403164e-10  
2556165600        1.748181965e-06   1.042204746e-05   4.567537311e-05   0.0001793205263   9.848466052e-05   0.0001473598223   0.0001413176801   6.001166021e-08   0.0002062053137   2.175568448e-05   0.0001692480758   0.000168976476    0.0001339755265   4.039893378e-05   2.90311282e-10   
2587723200        1.783464328e-06   1.05756071e-05    4.61909324e-05    0.000177072228    9.979072459e-05   0.0001437511724   0.0001378460762   6.518278144e-08   0.0002020843675   2.232625835e-05   0.0001683402854   0.0001680521296   0.0001317842776   4.188621237e-05   3.319181951e-10  
2619280800        1.817795767e-06   1.072278821e-05   4.667516849e-05   0.000174819406    0.0001010220744   0.0001402551554   0.000134483674    7.064395872e-08   0.0001980502983   2.288410516e-05   0.0001673702217   0.0001670663402   0.000129619316    4.336195597e-05   3.782136164e-10  
2650838400        1.851159676e-06   1.086359495e-05   4.712848017e-05   0.0001725646197   0.000102179425    0.0001368672326   0.0001312260222   7.639980283e-08   0.0001941014732   2.342864169e-05   0.0001663420193   0.0001660232238   0.0001274811883   4.482392965e-05   4.295626436e-10  
2682396000        1.883542129e-06   1.099804393e-05   4.755131057e-05   0.0001703102385   0.0001032636235   0.0001335830968   0.0001280688999   8.245433605e-08   0.0001902362558   2.39593407e-05    0.0001652596389   0.0001649267216   0.0001253703531   4.627001137e-05   4.863419303e-10  
2713953600        1.914931747e-06   1.112616326e-05   4.794414233e-05   0.0001680584541   0.000104275635    0.000130398658    0.0001250083015   8.881097807e-08   0.0001864530109   2.447572934e-05   0.0001641268712   0.000163780604    0.000123287189    4.769819355e-05   5.489386733e-10  
2745511200        1.945319554e-06   1.12479917e-05    4.830749316e-05   0.0001658112913   0.0001052165311   0.0001273100301   0.0001220404238   9.547253514e-08   0.0001827501081   2.497738731e-05   0.0001629473409   0.0001625884754   0.0001212320016   4.910658383e-05   6.177494591e-10  
2777068800        1.974698841e-06   1.136357776e-05   4.864191161e-05   0.0001635706184   0.0001060874772   0.0001243135181   0.0001191616533   1.024411922e-07   0.0001791259258   2.546394506e-05   0.0001617245116   0.0001613537784   0.0001192050293   5.04934052e-05    6.931790549e-10  
2808626400        2.003065029e-06   1.147297895e-05   4.894797316e-05   0.0001613381572   0.000106889722    0.0001214056069   0.0001163685545   1.09718508e-07    0.0001755788538   2.593508182e-05   0.0001604616901   0.0001600797986   0.0001172064498   5.185699561e-05   7.75639125e-10   
2840184000        2.030415543e-06   1.157626096e-05   4.922627648e-05   0.0001591154925   0.0001076245876   0.0001185829505   0.0001136578593   1.173054127e-07   0.0001721072964   2.639052357e-05   0.0001591620314   0.0001587696697   0.0001152363851   5.319580701e-05   8.655468487e-10  
2871741600        2.056749677e-06   1.167349694e-05   4.947744007e-05   0.0001569040806   0.0001082934589   0.0001158423623   0.0001110264569   1.252022088e-07   0.0001687096739   2.683004102e-05   0.0001578285433   0.0001574263785   0.0001132949066   5.450840389e-05   9.633235439e-10  
2903299200        2.08206848e-06    1.176476677e-05   4.970209907e-05   0.0001547052574   0.0001088977758   0.0001131808054   0.0001084713849   1.334085737e-07   0.0001653844252   2.725344756e-05   0.0001564640918   0.0001560527694   0.0001113820396   5.579346151e-05   1.069393179e-09  
2934856800        2.106374628e-06   1.185015647e-05   4.99009023e-05    0.0001525202466   0.0001094390241   0.0001105953844   0.0001059898201   1.419235661e-07   0.0001621300093   2.76605971e-05    0.0001550714053   0.0001546515498   0.0001094977679   5.704976371e-05   1.184180877e-09  
2966414400        2.129672317e-06   1.192975748e-05   5.007450954e-05   0.0001503501663   0.0001099187282   0.000108083337    0.0001035790708   1.507456333e-07   0.0001589449064   2.805138209e-05   0.00015365308     0.0001532252949   0.0001076420369   5.827620045e-05   1.308111411e-09  
2997972000        2.151967145e-06   1.200366613e-05   5.022358903e-05   0.0001481960365   0.000110338444    0.000105642027    0.0001012365697   1.598726215e-07   0.0001558276194   2.842573134e-05   0.0001522115846   0.0001517764524   0.0001058147579   5.947176504e-05   1.441607649e-09  
3029529600        2.173266012e-06   1.207198304e-05   5.034881514e-05   0.0001460587849   0.0001106997521   0.0001032689367   9.895986596e-05   1.693017884e-07   0.0001527766748   2.87836081e-05    0.0001507492648   0.0001503073477   0.000104015811    6.063555124e-05   1.585089013e-09  
3061087200        2.193577017e-06   1.213481265e-05   5.045086625e-05   0.0001439392534   0.000111004252    0.0001009616609   9.674661966e-05   1.790298163e-07   0.0001497906232   2.912500794e-05   0.0001492683484   0.0001488201883   0.0001022450481   6.17667501e-05    1.738969922e-09  
3092644800        2.21290936e-06    1.219226265e-05   5.05304228e-05    0.0001418382032   0.0001112535566   9.871790057e-05   9.459459512e-05   1.890528288e-07   0.0001468680403   2.944995683e-05   0.0001477709497   0.0001473170686   0.000100502296    6.286464669e-05   1.903658289e-09  
3124202400        2.231273253e-06   1.224444359e-05   5.05881655e-05    0.0001397563205   0.0001114492868   9.653545696e-05   9.250165546e-05   1.99366407e-07    0.0001440075272   2.975850919e-05   0.0001462590742   0.0001457999744   9.878735853e-05   6.392861669e-05   2.079554029e-09  
3155760000        2.248679827e-06   1.229146839e-05   5.062477373e-05   0.0001376942217   0.0001115930672   9.441222664e-05   9.04657572e-05    2.099656097e-07   0.0001412077107   3.005074602e-05   0.0001447346226   0.0001442707875   9.710001923e-05   6.495812297e-05   2.267047525e-09  
3187317600        2.265141054e-06   1.233345199e-05   5.064092404e-05   0.0001356524573   0.0001116865217   9.234619618e-05   8.848494528e-05   2.208449917e-07   0.0001384672437   3.032677309e-05   0.0001431993955   0.0001427312896   9.544004329e-05   6.595271197e-05   2.466518246e-09  
3218875200        2.280669665e-06   1.237051093e-05   5.063728884e-05   0.0001336315169   0.0001117312696   9.033543756e-05   8.655734844e-05   2.31998626e-07    0.0001357848052   3.05867191e-05    0.0001416550976   0.000141183167    9.380717967e-05   6.691201019e-05   2.678333375e-09  
3250432800        2.295279075e-06   1.240276301e-05   5.061453516e-05   0.0001316318329   0.0001117289222   8.837810375e-05   8.46811748e-05    2.434201252e-07   0.0001331591006   3.083073407e-05   0.0001401033415   0.0001396280145   9.220116286e-05   6.783572058e-05   2.902846443e-09  
3281990400        2.308983315e-06   1.2430327e-05     5.057332358e-05   0.000129653785    0.0001116810797   8.647242456e-05   8.285470775e-05   2.551026646e-07   0.0001305888613   3.105898761e-05   0.0001385456517   0.000138067339    9.062171456e-05   6.872361894e-05   3.140396111e-09  
3313548000        2.321796962e-06   1.245332227e-05   5.051430727e-05   0.0001276977028   0.0001115893283   8.461670277e-05   8.107630214e-05   2.670390054e-07   0.0001280728451   3.127166737e-05   0.0001369834684   0.0001365025639   8.906854528e-05   6.957555039e-05   3.391304884e-09  
3345105600        2.333735076e-06   1.247186858e-05   5.043813112e-05   0.0001257638703   0.0001114552374   8.280931043e-05   7.934438064e-05   2.792215187e-07   0.0001256098357   3.146897753e-05   0.0001354181517   0.0001349350325   8.754135568e-05   7.039142576e-05   3.655878043e-09  
3376663200        2.344813144e-06   1.248608579e-05   5.034543094e-05   0.000123852528    0.0001112803578   8.104868548e-05   7.76574303e-05    2.916422106e-07   0.0001231986428   3.165113731e-05   0.0001338509842   0.0001333660114   8.603983793e-05   7.117121817e-05   3.934402618e-09  
3408220800        2.35504702e-06    1.249609363e-05   5.023683281e-05   0.0001219638767   0.0001110662195   7.933332845e-05   7.601399941e-05   3.042927458e-07   0.0001208381014   3.181837959e-05   0.0001322831753   0.0001317966943   8.456367684e-05   7.191495956e-05   4.22714639e-09   
3439778400        2.364452877e-06   1.250201147e-05   5.01129525e-05    0.0001200980801   0.0001108143295   7.766179942e-05   7.441269442e-05   3.171644731e-07   0.0001185270722   3.197094962e-05   0.000130715864    0.0001302282051   8.311255104e-05   7.262273732e-05   4.53435699e-09   
3471336000        2.373047153e-06   1.250395815e-05   4.997439491e-05   0.0001182552669   0.0001105261709   7.603271521e-05   7.285217717e-05   3.302484504e-07   0.0001162644407   3.210910368e-05   0.0001291501224   0.0001286616011   8.16861339e-05    7.329469101e-05   4.856261123e-09  
3502893600        2.38084651e-06    1.250205177e-05   4.982175366e-05   0.0001164355342   0.0001102032012   7.444474659e-05   7.133116218e-05   3.435354692e-07   0.0001140491174   3.223310795e-05   0.0001275869586   0.0001270978761   8.028409449e-05   7.393100912e-05   5.193063855e-09  
3534451200        2.387867788e-06   1.249640954e-05   4.965561069e-05   0.0001146389487   0.0001098468509   7.289661573e-05   6.984841412e-05   3.570160798e-07   0.000111880037    3.234323733e-05   0.0001260273197   0.0001255379634   7.890609843e-05   7.453192596e-05   5.54494798e-09   
3566008800        2.394127965e-06   1.248714761e-05   4.947653598e-05   0.00011286555     0.0001094585229   7.138709386e-05   6.840274547e-05   3.706806156e-07   0.0001097561582   3.243977438e-05   0.0001244720946   0.0001239827385   7.755180863e-05   7.509771862e-05   5.91207351e-09   
3597566400        2.399644122e-06   1.247438098e-05   4.928508725e-05   0.0001111153516   0.0001090395916   6.991499891e-05   6.699301421e-05   3.845192174e-07   0.0001076764635   3.252300828e-05   0.0001229221169   0.000122433022    7.622088604e-05   7.5628704e-05     6.294577221e-09  
3629124000        2.404433405e-06   1.24582233e-05    4.908180977e-05   0.0001093883433   0.0001085914018   6.847919339e-05   6.561812179e-05   3.985218577e-07   0.0001056399585   3.259323388e-05   0.0001213781673   0.000120889582    7.491299024e-05   7.612523601e-05   6.692572305e-09  
3660681600        2.408512997e-06   1.243878686e-05   4.88672362e-05    0.0001076844932   0.0001081152685   6.707858234e-05   6.427701105e-05   4.126783634e-07   0.0001036456717   3.265075078e-05   0.0001198409762   0.0001193531369   7.362778006e-05   7.658770276e-05   7.106148104e-09  
3692239200        2.411900083e-06   1.241618238e-05   4.864188649e-05   0.0001060037487   0.0001076124765   6.571211142e-05   6.296866435e-05   4.269784395e-07   0.0001016926539   3.269586251e-05   0.0001183112261   0.0001178243574   7.236491412e-05   7.701652398e-05   7.535369938e-09  
3723796800        2.414611826e-06   1.239051901e-05   4.840626776e-05   0.0001043460389   0.0001070842796   6.437876506e-05   6.16921018e-05    4.414116912e-07   9.977997811e-05   3.272887567e-05   0.0001167895539   0.0001163038693   7.112405131e-05   7.741214841e-05   7.980279011e-09  
3755354400        2.416665341e-06   1.236190422e-05   4.816087431e-05   0.0001027112751   0.0001065319009   6.307756477e-05   6.044637953e-05   4.55967646e-07    9.790673867e-05   3.275009924e-05   0.0001152765532   0.0001147922551   6.990485121e-05   7.777505138e-05   8.4408924e-09    
3786912000        2.418077672e-06   1.233044373e-05   4.790618756e-05   0.000101099353    0.0001059565325   6.180756748e-05   5.923058811e-05   4.706357745e-07   9.607205119e-05   3.275984383e-05   0.0001137727764   0.0001132900568   6.870697455e-05   7.81057325e-05    8.917203131e-09  
3818469600        2.418865765e-06   1.229624144e-05   4.764267613e-05   9.951015347e-05   0.0001053593353   6.056786398e-05   5.804385101e-05   4.854055111e-07   9.427505197e-05   3.275842105e-05   0.0001122787366   0.0001117977773   6.753008351e-05   7.840471335e-05   9.409180303e-09  
3850027200        2.419046458e-06   1.225939942e-05   4.737079584e-05   9.794354407e-05   0.0001047414389   5.935757746e-05   5.688532319e-05   5.002662744e-07   9.251489751e-05   3.274614288e-05   0.0001107949095   0.0001103158825   6.63738421e-05    7.867253539e-05   9.916769361e-09  
3881584800        2.418636453e-06   1.222001783e-05   4.709098983e-05   9.639937995e-05   0.0001041039423   5.817586213e-05   5.575418968e-05   5.152074857e-07   9.07907642e-05    3.272332113e-05   0.0001093217355   0.0001088448036   6.523791644e-05   7.890975788e-05   1.043989234e-08  
3913142400        2.417652306e-06   1.217819486e-05   4.680368858e-05   9.487750499e-05   0.0001034479133   5.702190188e-05   5.464966435e-05   5.302185872e-07   8.910184783e-05   3.269026686e-05   0.0001078596213   0.0001073849382   6.412197502e-05   7.911695596e-05   1.097844826e-08  
3944700000        2.416110409e-06   1.21340268e-05    4.650931013e-05   9.33777528e-05    0.0001027743893   5.589490902e-05   5.357098862e-05   5.452890605e-07   8.744736316e-05   3.264728997e-05   0.0001064089418   0.0001059366523   6.302568897e-05   7.929471876e-05   1.153231348e-08  
3976257600        2.414026978e-06   1.208760789e-05   4.620826015e-05   9.189994759e-05   0.0001020843772   5.479412309e-05   5.251743034e-05   5.604084423e-07   8.582654351e-05   3.259469865e-05   0.0001049700413   0.0001045002819   6.194873223e-05   7.944364767e-05   1.210134223e-08  
4007815200        2.411418036e-06   1.20390304e-05    4.590093206e-05   9.044390509e-05   0.0001013788539   5.371880973e-05   5.148828262e-05   5.755663413e-07   8.423864034e-05   3.253279905e-05   0.0001035432355   0.0001030761347   6.08907818e-05    7.956435464e-05   1.268536716e-08  
4039372800        2.40829941e-06    1.198838456e-05   4.558770727e-05   8.90094333e-05    0.0001006587665   5.266825958e-05   5.048286284e-05   5.907524528e-07   8.268292286e-05   3.246189485e-05   0.0001021288126   0.0001016644912   5.985151787e-05   7.965746065e-05   1.328419985e-08  
4070930400        2.404686713e-06   1.19357586e-05    4.52689553e-05    8.759633329e-05   9.992503278e-05   5.164178731e-05   4.950051162e-05   6.059565739e-07   8.115867757e-05   3.238228691e-05   0.0001007270351   0.0001002656064   5.8830624e-05     7.972359411e-05   1.389763149e-08  
4102488000        2.400595342e-06   1.18812387e-05    4.494503399e-05   8.620439988e-05   9.917854176e-05   5.063873055e-05   4.854059184e-05   6.211686161e-07   7.96652079e-05    3.229427299e-05   9.933814078e-05   9.8879711e-05     5.782778722e-05   7.976338957e-05   1.452543355e-08  
4134045600        2.396040463e-06   1.182490902e-05   4.461628968e-05   8.483342229e-05   9.842015384e-05   4.965844905e-05   4.760248779e-05   6.363786193e-07   7.820183378e-05   3.219814738e-05   9.796234432e-05   9.75070127e-05    5.684269819e-05   7.977748626e-05   1.516735849e-08  
4165603200        2.391037012e-06   1.176685168e-05   4.428305741e-05   8.348318479e-05   9.765070143e-05   4.870032376e-05   4.668560426e-05   6.515767629e-07   7.676789131e-05   3.209420073e-05   9.659983823e-05   9.614769748e-05   5.587505129e-05   7.976652695e-05   1.582314044e-08  
4197160800        2.385599682e-06   1.17071468e-05    4.394566115e-05   8.215346725e-05   9.687098947e-05   4.776375594e-05   4.578936571e-05   6.667533777e-07   7.53627323e-05    3.198271974e-05   9.525079419e-05   9.48019307e-05    5.492454466e-05   7.973115666e-05   1.649249607e-08  
4228718400        2.379742922e-06   1.164587248e-05   4.360441402e-05   8.084404566e-05   9.608179585e-05   4.684816646e-05   4.491321553e-05   6.818989562e-07   7.398572395e-05   3.186398699e-05   9.391536412e-05   9.346985824e-05   5.399088037e-05   7.967202165e-05   1.717512531e-08  
4260276000        2.373480932e-06   1.158310485e-05   4.325961845e-05   7.955469266e-05   9.528387198e-05   4.595299493e-05   4.405661527e-05   6.970041622e-07   7.263624845e-05   3.173828068e-05   9.259368127e-05   9.215160752e-05   5.307376438e-05   7.958976829e-05   1.787071219e-08  
4291833600        2.366827657e-06   1.151891805e-05   4.291156649e-05   7.828517802e-05   9.447794334e-05   4.507769902e-05   4.321904392e-05   7.120598399e-07   7.131370266e-05   3.160587457e-05   9.12858612e-05    9.084728855e-05   5.217290669e-05   7.948504214e-05   1.857892567e-08  
4323391200        2.359796788e-06   1.145338425e-05   4.256053996e-05   7.703526902e-05   9.366470996e-05   4.422175378e-05   4.239999724e-05   7.270570226e-07   7.001749767e-05   3.146703773e-05   8.999200278e-05   8.955699486e-05   5.128802128e-05   7.935848704e-05   1.929942051e-08  
4354948800        2.352401757e-06   1.13865737e-05    4.220681073e-05   7.58047309e-05    9.284484704e-05   4.338465091e-05   4.159898711e-05   7.419869399e-07   6.874705855e-05   3.132203445e-05   8.871218911e-05   8.828080443e-05   5.041882625e-05   7.921074424e-05   2.00318381e-08   
4386506400        2.344655734e-06   1.131855475e-05   4.185064093e-05   7.459332724e-05   9.201900545e-05   4.256589819e-05   4.081554093e-05   7.568410246e-07   6.750182397e-05   3.117112414e-05   8.744648837e-05   8.701878058e-05   4.956504375e-05   7.904245162e-05   2.077580739e-08  
4418064000        2.336571631e-06   1.124939381e-05   4.149228316e-05   7.340082029e-05   9.118781233e-05   4.176501883e-05   4.004920096e-05   7.716109189e-07   6.628124583e-05   3.10145612e-05    8.61949547e-05    8.577097274e-05   4.872640007e-05   7.885424296e-05   2.153094568e-08  
4449621600        2.328162095e-06   1.117915547e-05   4.113198076e-05   7.222697131e-05   9.035187162e-05   4.098155094e-05   3.929952388e-05   7.862884807e-07   6.508478899e-05   3.085259497e-05   8.495762896e-05   8.453741732e-05   4.79026256e-05    7.864674727e-05   2.229685954e-08  
4481179200        2.31943951e-06    1.110790246e-05   4.076996802e-05   7.107154086e-05   8.951176465e-05   4.021504689e-05   3.856608012e-05   8.008657871e-07   6.391193092e-05   3.068546963e-05   8.373453951e-05   8.331813839e-05   4.709345485e-05   7.842058814e-05   2.307314566e-08  
4512736800        2.310416002e-06   1.103569571e-05   4.04064704e-05    6.99342891e-05    8.866805069e-05   3.946507287e-05   3.784845344e-05   8.153351404e-07   6.27621614e-05    3.05134242e-05    8.252570296e-05   8.211314845e-05   4.629862647e-05   7.817638318e-05   2.385939177e-08  
4544294400        2.301103431e-06   1.096259437e-05   4.004170477e-05   6.881497605e-05   8.782126751e-05   3.873120834e-05   3.714624038e-05   8.296890703e-07   6.163498223e-05   3.033669244e-05   8.133112478e-05   8.092244909e-05   4.55178832e-05    7.791474351e-05   2.465517742e-08  
4575852000        2.291513398e-06   1.088865582e-05   3.967587964e-05   6.771336182e-05   8.697193194e-05   3.801304552e-05   3.645904982e-05   8.439203385e-07   6.052990688e-05   3.015550286e-05   8.015080004e-05   7.974603164e-05   4.475097188e-05   7.763627321e-05   2.546007489e-08  
4607409600        2.281657245e-06   1.081393573e-05   3.930919537e-05   6.662920685e-05   8.612054042e-05   3.7310189e-05     3.578650252e-05   8.580219406e-07   5.944646026e-05   2.997007868e-05   7.898471401e-05   7.858387779e-05   4.399764343e-05   7.734156895e-05   2.627365004e-08  
4638967200        2.271546053e-06   1.073848808e-05   3.89418444e-05    6.556227212e-05   8.526756956e-05   3.662225522e-05   3.512823069e-05   8.719871085e-07   5.83841784e-05    2.978063787e-05   7.783284272e-05   7.743596018e-05   4.325765285e-05   7.703121956e-05   2.709546309e-08  
4670524800        2.261190652e-06   1.06623652e-05    3.857401147e-05   6.451231934e-05   8.441347669e-05   3.594887209e-05   3.448387758e-05   8.858093117e-07   5.73426082e-05    2.958739308e-05   7.669515357e-05   7.630224298e-05   4.253075916e-05   7.670580562e-05   2.792506945e-08  
4702082400        2.250601613e-06   1.058561777e-05   3.820587384e-05   6.347911111e-05   8.355870036e-05   3.528967856e-05   3.385309707e-05   8.99482259e-07    5.632130713e-05   2.939055171e-05   7.557160584e-05   7.518268235e-05   4.181672536e-05   7.636589922e-05   2.876202054e-08  
